-0.40712087253818474
-0.058940999585268994
0.09433062989463092
-0.8019155792445507
0.04671780469646558
0.8072234273574579
-0.2805322164666344
-0.984175553854723
0.25728828920465574
0.08593534379235557
-0.9945140934620866
-0.007670282854343569
0.9673113688614801
0.653751123295613
0.8265071877248826
0.9176646296747912
-0.9147688509970178
-0.41365363031204927
-0.7832531761502346
0.27661955262430027
0.8414523187168039
0.6492134672077055
-0.45380684377128455
-0.3757541299970333
-0.8055372825620086
-0.5334496783358502
0.014099353270818682
-0.6957171504015327
0.25490949063759283
-0.9234834969979504
0.9087878382608534
-0.4870545488669471
-0.34853952920945463
-0.2105403581815768
-0.14506835796805229
-0.5125123218002088
-0.8966181148698977
-0.5752485108784473
-0.8364907770513184
-0.6037065862420063
0.5953652361968542
-0.2978033331976686
0.7995176019080947
0.8370914138417147
0.9427124902685229
-0.630754386435088
-0.3532957256457139
-0.21021434289606766
-0.04647737764996007
-0.6209054522450801
0.41288940299827503
-0.8960816414856834
0.08702795024647614
-0.211420956219587
0.16992931517706378
0.20215390669060485
-0.226725657158092
0.2548369568284281
-0.12052305997863266
0.9395285821610964
-0.7293367991539506
0.17772878678870363
0.4732870884962499
0.3062670104991758
-0.6383128112336238
-0.7523760838865412
-0.9665896517685564
0.5599395397124693
-0.881259729766132
0.8014286405475577
0.25376360925476904
0.3519587461572691
-0.35808227138931503
0.2961080114114645
0.8989123835942197
-0.3770098260167982
-0.7659100892819461
0.9642984542030626
0.20549218234181232
-0.3137289251546673
0.995699663577073
0.5296141454496972
0.27510577299179184
-0.8261155521401262
-0.7541111314686426
-0.5615001845703969
0.9141504070074724
-0.0867636208410647
0.8786333570292131
0.08975431640290932
0.8482021194252192
-0.5972079655817755
0.34241897942070976
0.40583150243013755
0.06488252450947662
-0.9647881434166177
-0.2157238188939492
0.7128358014678273
0.576874206159284
-0.49231232946039727
0.2733310136926681
-0.25841957864706666
0.7416671604379705
0.33396888100764066
-0.32635168027064365
-0.5804702171677536
-0.040036092477301555
-0.9063053882297347
-0.14417338933554102
0.9720613213891682
-0.7859064082654101
-0.6674459739920855
0.8305409976531499
-0.6184232510160554
-0.7398527940444306
-0.13376891410817215
0.37051950155504887
-0.1889782420377042
0.9112279939529335
-0.6625103624372795
0.16978760648221947
0.3779132828083904
-0.12064105752021437
-0.33327851476872894
0.7034045669180942
0.155241844360972
0.7060502918707856
-0.3561790452675173
-0.14633590795277707
-0.853431855193945
0.07583343445471202
-0.3248535604815901
0.6460305997543414
0.2684115647115459
-0.20275345556484137
-0.29177260975545183
-0.15495661025517382
0.8152591944312375
0.007901346688475641
-0.681603646626725
-0.061092538453553225
-0.670232079879201
0.33251331611933566
0.7437659073574987
-0.3306532535465032
-0.008543776492127453
-0.07080549831999283
0.5897147897432911
-0.7991813023132219
-0.2706631114595237
-0.1652193872847314
0.05231523079914524
0.18269776634087487
0.5646702663903485
0.3692268786426611
-0.93559327003452
0.3753695039311178
0.575986894073333
0.7469703397295362
-0.2921824977527141
0.3801458114438381
0.16152642972057674
-0.2120282392100048
-0.39545172150278995
-0.37696160925625577
0.05734881074653719
0.029471164210149503
0.36593835526469354
0.2386444880872669
-0.5798411883288774
-0.7229636235137282
-0.8198162107612181
-0.5183862762432612
0.5920697698711916
0.25822395616546734
-0.597130047579141
-0.40493090188429237
0.5717886391506135
-0.624756608610102
-0.8245271331021948
-0.5382068073604391
-0.9896114239776268
-0.9103049508977157
-0.7648588995509815
0.4046397238797592
-0.08027298848733722
-0.39328601677404595
0.4727654969409554
-0.44913409121997105
-0.7956543486740641
0.38756794290528473
0.9847410665291512
0.40830724926446216
-0.06873291391807523
-0.9425645251265444
-0.0017074268559067463
0.7184002804547402
-0.9514482139350111
-0.33499902448024876
0.061739853638062225
0.28212721682315545
-0.4612326163492311
-0.6715019672285916
0.8381062112363864
0.11531214829855818
0.9438564922120958
-0.26546558279372867
-0.04234896864347437
-0.6294571769126729
-0.47438411748699183
-0.6600036378108167
-0.4442168779152662
0.11595653842209197
0.156940698436566
0.5356555153268379
0.6610299533603556
-0.9459706316817633
-0.5974653430409278
0.48638829566720254
-0.1464375257448598
0.2205555556772758
-0.02334956307759084
-0.7495281122977921
0.92956214360431
-0.5743827312035141
0.5531638550348101
-0.7579540480541231
0.3181217968047032
-0.7213436340815274
0.45490507260215374
-0.1653757242796341
0.5354411549755791
0.27522940996753364
0.039751048520330734
-0.002653742657664271
-0.634085994544447
-0.0778194249515729
0.7414764485413681
0.8411602067121331
-0.2762417540924811
-0.28792659989246294
-0.3123050465802302
-0.05751002628745683
-0.35605262107925695
0.9468468431470076
0.7758221537895644
0.28125573987661934
0.05168320579912988
-0.8494538687851216
-0.8495447070915194
-0.17446119340125188
0.8874382732085286
0.5452647663806252
0.2736710714920423
-0.6641677997447979
-0.27507618706853476
0.3948226446556262
0.7375835229543295
0.4243715533419907
-0.5908613014545865
-0.005777238972542786
-0.8115866762907955
0.4148750015714904
-0.14783473284714876
0.3351434029152518
-0.15983076665097196
-0.6411100245326171
0.06857830763225348
0.9488935186014587
0.09527673593535635
-0.9314363339757885
0.9256302442736555
-0.0680654317385554
0.7303595359573403
-0.5262715896996797
-0.28942581924439326
0.38265993711482515
0.27010568979004335
0.11196249155018467
-0.017367441295885744
0.6386257229703305
0.783960722308719
0.6137100793267463
-0.33842370054841453
-0.45960510408746247
-0.9172050169669128
-0.2489937889734435
0.2577274442569526
-0.9823237013377595
-0.7417824630242338
-0.8574084859579418
0.9333504392388661
0.34259454074029616
0.913610394561506
0.14491969418691752
0.8011294934622333
0.8929622673869733
-0.5315718413028834
0.41850885134626337
0.5740612557662836
-0.23346219289748493
-0.5986549754231714
-0.35103034462167315
-0.90340423724188
-0.8486878398611841
-0.5377957513087077
0.007264635504508288
0.007714718011856636
-0.74571929025227
-0.0632446151375512
-0.5543630912042188
0.13579780091287885
0.1074466268603671
0.7103918075529139
-0.22934217106442523
0.3526617884816541
0.37165094037789004
0.31879468160396973
-0.04964641198818631
0.8494473502334565
-0.0749180059527017
0.04671129834816723
0.37021352254385054
0.440916996656711
-0.8727639311639126
0.6363747060803631
-0.2374600549646897
0.8225549569478816
0.09374952588863739
-0.34974204921697627
-0.741981823384513
0.13160216173263972
-0.2574929472389451
-0.4534071275869098
-0.5818758966328121
-0.4146737145428836
-0.5798867515643558
0.2972298400962483
-0.7305997136885383
-0.2739910480576193
0.5760642410359269
-0.05213091748392795
0.24092657720171884
-0.47843299692600194
-0.14763037256522882
0.9445541396438784
0.7303142952105173
0.380768194544304
-0.8584600230541874
-0.4457152618194993
0.4482761158728916
0.06270529873758823
-0.8124557864665749
-0.1736463398837662
0.9137183693131865
-0.5506728780154204
-0.08856931625087894
-0.5590988474822143
-0.9139269691018375
-0.6976946159057698
0.11117499914775575
0.5739675675314517
0.41861792400668607
-0.7695595301773182
-0.2314092670923653
-0.01424343751946644
-0.5298597152380609
-0.676997724713059
0.015073866847378437
0.1665500414257033
0.29614102746246607
0.8223791385637123
0.03664600483239511
0.809391644941647
0.8089295466074393
0.8318611659994439
-0.4118762795830855
-0.1311809299229001
0.6674675970785087
0.14546366706849856
0.2484380828612509
0.07097182683805059
-0.20201901931854271
0.8208300191815092
0.8371947846233954
0.6044037420939334
-0.4792777947213289
0.41888893541013505
0.15455175751694838
0.54415294314706
-0.9865361894124782
0.833146890519513
-0.5204274960961968
-0.08554913974086276
-0.5299911781556075
-0.2499702358279028
0.08391703533974448
-0.7492119527317089
0.5746448828188355
0.01264284508098612
-0.21222472473439735
0.2722218106187717
-0.4448826518681184
0.08135730174436828
0.7366286829866961
-0.9460017004002754
0.7646610902187683
-0.39280814024065736
-0.3299967263217951
-0.726862450582284
-0.9405324132781558
0.475353647885
-0.91626507100634
0.32961877249315075
0.27209199324019373
-0.008709164638038835
0.7745575469082207
0.28961077390371015
0.6676343471718664
-0.0981879108399526
0.6751648170736315
-0.8153123277265806
0.9203491699856912
-0.26384890909752334
0.7686364501496414
0.2351872444794818
0.084671008990159
0.5771118169875344
0.7566016884691793
-0.21084630514563107
0.5645351210896257
0.8255623860191394
-0.08039154169720009
0.5639866360386696
0.5285219219253974
-0.8537893367156788
0.2975355277614731
0.5044017023858021
-0.8451133424885207
-0.6785560062960254
-0.3862240468689424
0.7709675548216137
0.7265124277510857
-0.0892576978564712
0.6033898705383036
-0.7598172288913632
0.8047898368358473
0.7694624759020199
-0.25297987892926477
0.13137615047748952
-0.21813084093082313
0.9132726574802774
0.43236854868287766
-0.5253883828121215
-0.056789606079751476
-0.3115511610732522
0.5255441355563515
0.2315467259343813
-0.29964828139217836
-0.3217800827639081
-0.17016829185056448
-0.43767451499223453
-0.4341220217191122
-0.9913093377805637
0.3061823323525985
-0.6588253674436806
0.13931802708956864
-0.5673436185645313
-0.7423362229327126
-0.9455531110704505
0.14459060626995823
-0.028771219568811457
0.4717566391886785
0.021423848003675694
-0.15107995194369428
-0.987853377829571
0.6901442247739729
-0.9373109942428028
0.20676399460215134
-0.30906587073671377
-0.6587011037590118
0.48788664491857414
0.7018588687647584
0.8285407745579914
0.3602426837106538
0.7241761608833537
0.11593952887532355
0.7506680966992096
0.020879644494763205
0.16374757126650152
0.7751413302246597
0.028870916411650516
0.09392476142559714
-0.17175085211667884
-0.9810951361239475
0.03766843908391282
0.959186167433058
0.0588875346013924
0.40190007018508345
0.29943783882790465
-0.781277835838484
-0.3670681749106244
-0.9954364516396343
-0.3424116990289008
-0.3270532942467259
0.8055596796141593
0.49386203587014155
0.5658785128257846
0.7198203862116523
-0.06445074891407643
-0.473145129658902
0.8992831304756526
-0.3032743312300177
-0.656149088596369
0.009020308634803076
-0.4169609974627835
0.15137581672415124
-0.15502303403610984
-0.6039723624240532
0.22250265058212637
0.998215629216094
-0.6555222815395547
0.14534976487876072
0.3088098338150167
0.017575169468160734
0.6009649400152433
-0.9309674502337564
-0.5811546699295085
0.8390995187881596
0.49417124714689065
-0.17165399325958308
-0.6505805088774985
0.5870946308614946
0.6978791384532363
-0.6008994579440823
-0.24868124509753464
-0.44755010948352014
-0.3355753826880772
0.4502851692792813
-0.630080337763609
0.5299467082831617
-0.2038886615874138
0.02342077491672967
0.7129145921353581
0.3016333120079224
0.9792994406699775
-0.6525787460048602
-0.20019645642758865
-0.5699945690505008
-0.8266828703611582
-0.5801035625856334
-0.5272288572021955
0.7928861591773964
-0.5854375853135982
0.7237402713437349
-0.8552355173551445
0.2409265901919766
-0.06901185649067543
-0.3033536250521731
-0.6031705668188221
-0.22356377351521983
0.6493642221263047
0.831024020774529
-0.3046767229519345
0.41539987783947163
0.8892232663803292
-0.6546044024408748
0.8257821087700417
0.9838504514337982
-0.7251264688001737
-0.19726754186935525
0.7605213326019244
-0.31827930875922705
0.1842747812510508
0.28858427346813986
0.8973217514209204
0.4706305883132522
0.48345153125314333
0.6347022704348295
-0.17535997174216567
-0.6993271777636805
0.2569242009586672
0.2724655092634207
-0.96903159156169
-0.5167757121381942
0.6643912543937884
-0.0573757129992476
0.6627317519549933
-0.02097016788458994
-0.29645203980272017
-0.5361525644537002
-0.303269452857315
0.7027064072084244
0.5423541771147522
-0.866372934238564
-0.0704909370523219
-0.9386264453969795
0.3358143991039477
-0.7096650799569146
0.48830896537605994
-0.9898172976430573
0.22779928079309242
0.9778847550184637
-0.6166113404008686
0.47182180307679866
-0.3259224406786845
-0.970343330644178
0.8273855332216784
0.8748332723398717
0.49515066478174674
0.43308380228509824
0.22734776757077135
-0.3060861139158795
-0.912168143756146
0.6349910161813499
-0.33014078142077086
-0.3766774418365282
0.38695968156801586
-0.2030701855134014
-0.8612364492463778
0.0005232329053108664
-0.23325909843982418
-0.09819095583667803
0.13798714716793414
-0.08103300842920147
0.4293112479368464
-0.5996325876066275
-0.5002796647606407
-0.1533439297990884
0.8967054509654506
-0.1318034067960343
-0.42096234160581814
-0.7055902614790068
0.08377119700649072
-0.26517803538135976
-0.5541015715217115
0.5769428746711291
-0.678656816920296
0.9680841364991197
-0.09931853148032843
-0.26445231366063515
-0.8578033622218566
-0.7048910514490094
0.23117699060242458
-0.13142754760588105
-0.6947895061428828
-0.03208289514438167
-0.9789940331946707
0.9340121366657477
-0.8968691016494788
0.11188458363817588
0.7612962723213634
0.30617641490610525
-0.8373017084758008
-0.4446939270603334
0.603280491693241
0.556808161597417
0.5012611029663043
-0.42004010172262607
0.7952133005491295
0.0849691744863681
-0.10210659531606048
-0.9092287758983928
-0.21751136083725564
0.9726020845455632
0.27038798026127564
-0.7575501800611391
-0.15834951703535216
-0.7448982336723842
-0.563898627525143
0.07586023963872446
0.1536485214418457
-0.22295122824984848
-0.5130513863087787
0.07679536199987425
0.15705896482464698
-0.6413209016434918
0.037958283632056666
-0.07369943089608677
0.4951800540472746
0.6693952876656528
0.5305808026257344
-0.9339661554470768
0.9224983214779683
0.5610150947456236
0.8162720516082205
0.5610711341161054
-0.46779440139098094
-0.1605353120111115
-0.7378335074579874
0.3300964959373145
0.6906949750620766
0.8818557399432434
0.8842760583908045
0.9743445944078637
-0.19365269904871107
0.783929112451212
-0.17369264659554284
0.053192131218310124
-0.40057783970569494
0.5714493092977015
-0.8558355380142637
0.9880698583174872
-0.3944888086816536
-0.40773305621411904
0.5452585126876497
-0.8011626466062967
-0.30546952980662656
0.8713809193457456
0.1999706442717617
-0.7957916165032208
-0.9546916416090179
-0.28856495366091073
-0.3802696351385566
-0.5236893221677432
-0.28316687982504707
-0.6012931391450826
-0.5673720861102902
-0.389039993368709
0.8751799495808443
0.5394390680318546
-0.44682857549722277
0.4118863231578209
-0.7770341779205512
0.8682510817659086
0.8163013601850859
-0.36563479514605834
0.38410818104914535
0.992163181216323
-0.03635012502547896
0.04137566186383701
-0.19303120892871917
-0.7147817198227449
0.5379722558584437
0.11296572597915944
0.2581046155384734
0.22474548984642828
-0.7850968357574288
0.7999719019210207
0.0756859331526405
0.0595542036289185
-0.6774265168692923
0.8079852647411596
-0.24040364492518584
-0.8699957276518537
0.10318978274627844
-0.0661591769630725
0.049544317139145644
0.15291567840674603
0.008472968740337095
0.06872460775680223
-0.3569964343360237
0.49170600805821074
0.5212509100467955
-0.42353833613019587
0.6165658868004438
0.29666672838528196
-0.7284212288745429
-0.7434573735251417
0.4017207193124781
0.17242614731534323
0.8039242265067919
0.6000018840703194
-0.2038888720652272
0.500870021707712
-0.5820742958109593
0.16114943015343286
0.8860730107858412
-0.6927299177170507
-0.5418167170155983
0.8996723112380103
0.24439835183810077
0.49136488534305833
-0.7130322686980963
-0.5586209172124263
-0.7565229400479638
0.9211419676058457
-0.22468717297848873
-0.29601831714790183
-0.7928705315676807
-0.525130669799664
-0.06481800162068563
-0.8806358585040104
-0.8538926609130306
-0.4893285036685686
-0.45455715192241053
0.283182698276486
0.5451635928254559
0.9545370640058981
-0.4848321487941476
0.05518287251639187
-0.011113628349180615
-0.0702894605926856
0.8807755874934511
0.7067740939956408
-0.2645844836749709
0.6051303081324506
0.6004726914388607
0.8037745725292313
0.038740601562420984
-0.7970082411935366
-0.05624471082582083
-0.24184326770696174
0.8509959821051281
-0.5922801378563269
0.2707410379775821
-0.6480630490820323
-0.014429892160042534
-0.18821376776569165
0.013274930876294722
-0.2807161502012896
0.9813568748496015
-0.7759453252480211
-0.32414652491901297
-0.6102854884724644
0.6304667603700698
-0.5020587526864428
-0.44969613565345457
-0.5128566975005109
0.07665518567336127
0.686152436808789
0.06868773651045901
0.40257267532127194
0.5906239229504116
-0.8140693797086738
0.4169954023667848
-0.3160316839020454
-0.08256178220797095
-0.5243579729884615
0.5462177150758354
-0.6051937793842446
-0.9467930238638029
-0.5028692106750654
0.39636136187426896
-0.8366373538601732
-0.9641918926621784
-0.4263753186010404
0.12856806957236344
-0.2300454385869135
0.3711146159699119
0.6736643925358456
-0.8355877166514278
0.9381322450457774
0.038512106439866134
0.606218077510503
0.3842985148007463
-0.15625339031458507
-0.45136739808528015
0.5700145271644081
-0.9447356822405562
-0.810967750490704
0.5992994752411387
-0.7254889628551453
0.8812270437702785
0.558160820395023
0.45941423672481285
-0.9704330000204076
0.5034864498342797
0.8628810940561809
0.44716227015919463
0.25523984147463485
0.2371427157264132
0.047690029953662005
-0.042940038177468054
0.4745685092456031
0.19653410712837172
0.43441037161579876
-0.1482221046908907
0.42816433161108725
0.08089294179523954
-0.6237555866040063
0.2020926717922138
0.8807627213879736
-0.631648158973368
-0.18192515659260033
-0.6313851320379995
0.5203936332096717
-0.17511169675713711
0.33651294158630396
-0.6944741966894101
0.6745372203451643
-0.8827087953618786
-0.36052330801474763
-0.8393679592585817
-0.018947330809382823
0.6790713961207762
-0.19719585269641815
-0.26590564857464294
0.4810908231439135
-0.5845400098686602
0.17008203855025705
-0.6254600958636218
0.6300369810525499
0.23575865381081407
-0.9348009748854667
0.6661118285250347
-0.4966579229993302
0.019808710128386586
0.8803713492942848
0.3744281229895168
-0.12176572009388886
-0.7223575971580627
0.7697903599751492
0.42671969351887684
-0.09794008313601221
0.8859918646884619
-0.39209363251366813
-0.25160483747599116
0.8111634562439245
-0.07659160932101905
0.8576053194083264
0.8407826199886492
0.9057516426616212
-0.5169630465288586
-0.2780049998392413
-0.3971573982492238
0.4053912625469569
0.9559736072830165
-0.5147802199180789
0.9858432402801536
0.6638336160843958
-0.6256326702780033
-0.9916327423601481
0.04263314674292973
-0.5405466102661451
-0.957824413202077
-0.46642799396515233
0.23877435354246312
-0.6019759666765037
0.007161643482668012
0.0015704433759076153
-0.9864179675900964
-0.8628513773656374
-0.23448924912237512
0.6179185744313469
-0.36993068209616276
-0.41682828184221865
-0.03752736467140272
-0.8389481420367604
0.8614337483127583
0.6119167457055097
0.8522326515103233
-0.6883389524983587
0.6657638662764427
-0.08662718300945693
0.10924943751306104
0.3901829091663611
-0.3226640374302212
-0.3845916195664425
0.28418889496464583
0.20253919896949846
0.4986933424121296
-0.5641193565061076
0.5330657378194004
-0.6328241027510435
0.587055033193697
-0.23594095928980474
0.5148429676599942
-0.6304074099131269
-0.7777637997154305
0.4923538546209647
0.6524355335265595
0.7407668070305347
0.7676147143633489
0.5187048403071834
0.1018625271508884
0.27054512168951117
0.12495407839114181
0.9385213015269875
0.25187133399704464
0.8588366908580145
0.7585966406954681
-0.36718930659414273
0.46971744347493694
0.44592580911655766
0.46080645912842355
0.7893736442559431
-0.5039431554638272
-0.8145192551507909
0.7643227249992708
-0.4891772371073979
-0.2344146431152616
-0.8390810856890116
0.25857187481915656
-0.7454645756640605
0.4907180417965966
0.46831875843561077
-0.9851639995891985
0.08027994231182944
-0.3912171279117507
-0.28738932890321234
-0.42581737511873463
-0.03970221741866542
-0.8862078798058972
-0.6909406470856974
-0.4891022173667472
0.09686691712752582
-0.031099988058793215
-0.9148183325877506
-0.352779977169249
0.19095194063374699
0.05790146687862574
0.8282098413758314
-0.07896360323179819
-0.5136996869282093
0.8429434392432724
-0.41145385722941397
0.5783032073940726
0.604889747404989
0.04097011126207617
-0.5382145058472401
-0.1666713957479682
-0.1311635880813493
-0.13897312695421782
-0.4293617885153074
0.44722317688431
-0.11253980601763924
-0.34884079416181857
-0.26520605009910714
-0.28111123413223504
0.8516227966744547
0.4580503433375025
-0.6710389544918272
0.1289878252365777
-0.24910939728144532
-0.7116925409883987
-0.9180309013229238
-0.6838007523850829
0.7632529251624058
0.9184312240555061
0.970889573053499
-0.7130135775845923
-0.40450940816481173
0.11919437550199063
-0.29244605129901347
-0.019692267026742538
0.2767856721801589
0.4073056980908678
-0.8284649106133593
-0.29600503504269016
0.2133146618999473
-0.009648032297200793
-0.8328037481959791
-0.1481481051037421
0.4766950438618154
0.6061334184443741
0.37049062433972413
-0.3418648828712607
0.29371744031001423
0.9617939783856433
-0.5887341444190071
0.23198035143419427
-0.6819764579071572
-0.24231632617298793
0.03930669698385625
0.30476012386685847
-0.3826486433352212
-0.7891042862657818
-0.3355110022905623
0.734152643463478
-0.737330424582594
-0.0859466887685385
0.10806669405425096
0.6228533454946481
-0.09997586479936693
-0.6607787229330322
0.7505731891364338
-0.3788647774558176
-0.011975090936109378
-0.8805975906672026
-0.8759515028823164
0.06875727107189711
0.6253734933532207
-0.043307322447819985
0.27430725984002047
0.08755060451623642
-0.8007726827827342
0.9867388822822476
0.22126213947140805
0.047844999400101784
0.18526825580102324
-0.7225953088416626
0.7332756952140289
0.7501106730240465
0.32982117700631886
-0.5676165454360627
0.5925988496195598
0.6379736658293158
0.6214203962534874
-0.03861935339774414
0.31238759945256733
-0.03498341036836772
0.12421744384765399
-0.5582218170732398
-0.19730288358860992
-0.16426703341433146
0.6633959049448515
0.0983230616568509
0.6720456766290881
-0.12483401992531151
0.46284861735606864
-0.7839589866130692
-0.3323738895766004
-0.5755328728492861
0.9078747321187945
-0.30949025272084096
0.5404014501688095
-0.5128731466756373
-0.25008553303488945
-0.6995195954471711
-0.24505525984079357
-0.1484858560184441
0.5553242747071283
-0.0423240572586665
-0.8790937098055691
0.5562761804199345
-0.8907270105281504
-0.8058127167804048
-0.8954537993839011
-0.04628465835111095
0.7755554055320819
0.5308915275286168
-0.28431266476086714
0.24577526057788202
-0.5880998905132331
-0.1525659143811735
-0.8873706341619187
-0.4878612496940482
0.3110947270572706
0.4877274647701215
-0.0117236326833976
0.03341541327454678
0.7751237551402297
0.6498752734354554
0.8136319111728274
-0.6776847215728314
0.4199195621388281
-0.13991500322764816
0.722972209374813
0.7606676397305447
0.209948463491751
0.01516555175966916
0.065851960471353
0.286364067215898
0.7830189159859842
-0.9927113864709143
-0.3679158942261731
0.625061874956486
-0.8230430492552778
-0.37264133988802595
0.7985170427551087
-0.037517606860566044
-0.6309211561521781
0.9487724068784282
0.1174204309658613
0.3891504694338761
-0.40916752134415457
-0.49572733293844484
0.5718152577118527
0.735759745621571
-0.9342506711429666
0.7173169630737632
-0.40325362640757545
-0.9571186980200119
0.36206976614601416
0.4066688766059605
0.9776442123366249
-0.41940590323926985
-0.18071714865987287
-0.34236391902704
-0.06672918296015862
0.7317598678988992
0.23391587765387634
-0.20156618215789956
-0.3534959457197968
-0.4732461031198296
-0.34505398909149054
-0.09518984830177146
0.2734784305773079
-0.6830996793204296
0.8876092588616808
0.48373904961672043
-0.4153376921951373
0.8995991196344888
-0.2109166896722634
-0.19523389785440814
-0.35144254368446104
0.33483957458089675
0.2198617006163115
-0.9241341997911925
-0.07977886782325205
-0.2617455840348919
-0.6624767396028002
0.9328047282009191
0.2722014165236546
-0.9633365918416721
0.8429597790737704
0.2845356790849589
0.2805848956986603
-0.751361209680987
-0.9912036287345698
-0.38157863317620055
0.3937655990964788
0.6017068620322013
0.21245569501970918
0.21314844168369573
-0.7547410809183193
-0.48935769283777075
-0.6430929099414691
-0.927001716637526
0.28466355689719736
0.34509487741916267
0.7851837551759813
-0.9657184288689518
-0.108582156555316
0.5259106584437978
0.1250664732612199
0.9577581375779411
-0.0670579579418411
-0.06878797538114245
-0.57309099184469
-0.758810394495907
-0.18542221674591364
0.37803894538195326
-0.13840689052928612
0.19362979635406763
0.685230218019119
0.06751855387310268
-0.4963038592437239
0.9158482262282335
-0.9278977999235494
-0.09743282306273882
-0.30499168735477244
0.7792887591713651
-0.05788819634413844
-0.8680278378434552
0.11529696984867055
0.6779891099613442
-0.7340024595705565
0.5627815244027183
-0.29850907485609257
-0.9182638585248375
-0.34117270159819935
-0.9291932587126146
0.07337832893510399
0.1272003360398144
0.7146745224122792
0.9209120695109498
0.8095430959622716
0.18844774378160967
-0.4970221725870938
-0.7207483874956209
0.4057308503750776
0.26524902502651004
-0.9127010295592837
0.7187687954523412
-0.07516237389502134
0.14296613438630512
0.12099442571217622
0.044379627639346
-0.7923160794592348
-0.8560334911961482
-0.7081601308918799
-0.15077122775731633
0.2985122087009331
0.9770307368926523
-0.8478459864019352
0.38937230622333097
-0.6324793024679694
0.6844040083560832
0.11372191342462656
0.04057210703535974
-0.6304095122201918
-0.34235783612968973
-0.5672872903559534
0.4401217888405844
-0.052944911514198
0.957915165477389
0.6458536239857664
-0.9460188906608722
0.6550590130187466
0.13069424217388237
0.22955570750192011
-0.3450233390394142
0.18880224224063058
-0.3145111684125417
0.9462540925318859
-0.5536587927036836
-0.7445599537645862
0.4271784506689147
0.8055972163488581
0.4601048278449258
-0.8743256195852624
-0.701043750116086
0.5627578718650876
0.11294654511220292
-0.10901246205045423
-0.028399200458948837
0.09882242201743674
0.5036905580906663
0.7395828407485712
0.204407867339377
-0.7364731348160558
-0.8047239562435711
0.11909715440024149
-0.919619773840918
0.9149270675684131
0.9592870260108266
0.3090967293059106
-0.3419798128821525
0.4011971585259766
0.07135424600224027
-0.3595263744155859
0.43254469242116533
0.6795484669393601
0.32005612242247006
-0.6333794184380857
-0.22256755134617734
0.8531737432301059
-0.14099846082535805
-0.9402599124491129
-0.36610088156682563
0.5565540204597683
-0.9862005577518178
0.196663697513753
0.5303420946212873
0.12980865267497688
-0.2821994199811173
-0.12214728949309261
-0.7009869401442983
0.9081439721796536
-0.2484447388678812
-0.2957248723850121
-0.07833012444939635
0.5285812634263309
-0.6218682212329782
-0.3397967232634427
-0.16062991803438997
0.8249173663229032
-0.8945178429028964
0.9336539043946956
0.32157361786296335
0.21708740202421506
0.033707826814015185
-0.6802388134907051
-0.8332230178488196
0.13131314096475322
-0.4813558902964874
0.22075213118465253
0.15985568418128793
0.574572180240212
0.5180156611700428
0.23820019459564845
0.8150768981940968
0.45441707139487875
-0.4701965959807288
-0.9030285761690986
-0.7225794790704936
-0.6274705053065639
-0.8136477382320586
-0.6569069333978481
-0.8734617185183748
0.6400359639027728
0.08773262578287877
0.7622078064515052
0.08649429540894316
0.83032169017187
-0.17445120479397946
0.520207432418136
0.8631075769738867
0.6233398715923419
-0.29810362721528527
0.01124139018646364
-0.6919151940485495
0.34427289187878474
0.974602460619924
-0.8964218492869445
0.13619267775748245
-0.25870611285644607
-0.44809499021363486
-0.7633828724689886
-0.7691334458967853
-0.538446336539002
-0.09780339832720752
0.41938239222906537
-0.5483364352792255
0.593603597339952
0.08991921752922227
-0.7116091030683807
-0.5116518889324899
-0.2383355964221634
0.4769601002470898
-0.1156706066910278
0.7980251876522626
0.3747204440738492
0.8580931894141264
0.015729764826771575
-0.3640495383996032
0.1273800950855648
-0.9283558772335683
0.29672928172308355
-0.531771257753495
0.1589352433549256
0.786598081203028
0.7304486129694858
0.5795975507299196
-0.5910975519961652
0.028612383333665115
0.4602752190426651
-0.48052270997587065
-0.24188550008275733
0.7307543437123174
-0.7025283140305021
0.03333311462558797
0.700950776540465
-0.8473730433751143
0.026310101979805545
0.1055825496274645
-0.8802465573341114
0.011715789786591824
0.6769763046292203
-0.8181499928547056
0.5280294176286504
-0.22887410910666128
0.8051378931467257
-0.7468304632947267
-0.12026562821973297
0.7267596381980477
0.26498874098717495
-0.7592746801373478
-0.7137977194168137
0.09775580047667898
-0.1518906395744657
-0.7531521332242486
-0.15689883755985168
-0.15303438272125058
-0.5970755412296689
0.4777255997447618
0.5311753612126529
0.9638545682849902
-0.21364652567793874
0.5499142906444434
-0.39751571577287903
0.9509904543212242
0.3045329511574266
0.06879101820426703
0.5071026189607957
0.8941304047573793
0.44849686929484145
-0.5552075430181493
0.5586287079954464
0.8060183934051905
-0.2728871782272857
-0.39149986207263376
-0.9965175373839203
-0.06479591735022172
-0.054194975485562846
-0.7682431153017952
-0.16659366298565859
0.4510788486395252
-0.860714274800479
-0.5640542209546138
-0.013719886863076347
0.25087640142736634
-0.12970852735598903
0.37246989904135575
0.19287135942298406
0.2993535946632755
-0.15052798275889012
0.15427654536167923
-0.2674469445125669
0.9678464019224347
-0.9256228962088096
-0.8850103281833199
-0.22180023136749627
0.3655064153125034
-0.6716161786197974
-0.3802739668663606
-0.3334921403043758
-0.44379997242198144
0.42694840043605664
-0.8155624868541786
-0.6316587688536801
0.42979235111713043
-0.21943223312816285
0.9518661134958242
0.6819299323557622
0.6603120532920546
0.3095984211044649
0.21582808356571048
-0.3484011586946343
-0.8899916180370377
-0.39414648618825465
-0.12529109315808418
-0.36683154790808903
-0.8200209170638892
0.6039739563548512
-0.17663335842672545
0.07032265358429335
-0.1224551064329229
0.1955896376822004
0.33281368998647576
0.13974734982485382
-0.8712205024380042
0.9799107161504756
-0.8028517846185639
0.5455071459260079
-0.737846609979139
-0.8132226505180569
-0.5686105388577181
0.42412803267714194
0.48924277136004113
-0.3494041472526379
0.9404634230870998
0.2655386818181902
-0.7054208034693894
0.5199934285600483
-0.4398112660170903
0.24679300928989623
0.3871748507590973
0.7056726273287537
-0.7850023142306992
-0.025081475201336634
-0.05222755918875421
-0.28387063685745506
-0.569463343644514
0.05793238683703805
-0.9131133837414902
0.5325672371395411
0.9370364850446209
-0.6852997581309341
0.43842074201907755
-0.5141956628177469
0.5724362260336444
0.08900200906991795
0.27646493847900366
-0.5109423094628527
0.8145827504917587
-0.22938029783069247
0.2597970189484995
-0.19824386046324394
-0.0783591922397342
-0.9748412902332477
0.6491084959418889
-0.8137389857784227
0.2290825302951558
-0.2229319102418903
0.6718797978540061
-0.09505298401171958
0.6616583039803232
0.08118989547172362
0.2528413002338845
0.33223456186505684
0.19543767078772056
-0.6124800590328565
0.37240752243919983
-0.21607160940681913
-0.44101332354269207
0.23358513541207948
-0.11460076826368848
-0.17326290855906912
-0.35959033230415605
0.16460036953059154
0.9399044515448622
-0.3461191864154265
-0.9764469857369527
0.809476835088669
-0.7748241123507245
-0.6899422463501304
-0.33264610269795414
-0.9384739561600282
0.49449823009718497
0.8433203728311027
-0.045407069437294556
0.5873580763627659
0.32770671602628054
-0.9855680840632557
-0.4773882381723653
-0.7776491522635753
-0.671780442466718
-0.03803858497133872
0.829700010273315
0.4630930882269584
-0.012719651753582806
0.021051718285407084
0.45227517150941043
-0.8129665550567489
-0.9378574239861668
0.1080287718234536
0.4703765916122382
-0.6993402843710164
-0.35772152575247995
-0.20303195654742145
-0.28538725207822413
-0.5653380495268672
-0.9415343432251908
-0.7668581039224942
-0.5717962464656359
-0.6067837987265738
-0.9985592067863704
-0.8623100467800624
0.024391374361805163
0.6275040468279216
-0.5601075562187283
0.9758820968430038
0.7836778466626932
-0.0018662199990497896
-0.23077398208830768
-0.8809729984902592
-0.3206556604412132
-0.42674489717948827
-0.5358339967038197
0.9704380370155912
-0.3423608676982166
-0.2237684471096757
-0.7890177817012058
-0.4139881931822891
0.7273154710857792
-0.2728807331394383
0.056849949204145656
0.6208037794207093
-0.16051045067763292
-0.7586148383286182
0.7971749792923006
-0.6205147801625919
0.8808193547148138
-0.17582520909866517
0.4268544982821525
0.6068005196517459
0.737744444416879
0.9431989501184979
-0.3571420372825429
-0.9828288532484422
0.7115674671222774
0.07047929666020636
-0.10081186834536426
0.6279933807102522
0.2975626406106806
0.32229551994953765
-0.5847869775703525
0.4515020077661349
0.8973355424263705
0.08762401980929013
0.7599061177593662
0.7285381808890059
-0.8566495312700244
-0.8913859993022699
-0.6344064001004122
0.3230620231613228
-0.04624943748630628
-0.8171031796337771
0.37544907368851543
0.042066135723980214
-0.05935247532389942
0.7306517468205982
0.486939377139584
0.4520903355284722
0.4741067181817278
0.8234765910740434
0.17319933949602406
0.2726139606831195
0.07958496382174207
0.932905540676916
0.8052606339464656
0.36436282994034785
-0.4721384725958737
-0.6054717149409989
0.9348010519892682
0.2202753610573529
-0.06172114358458769
0.5402568380542441
-0.08835566169644382
0.4311113773366295
0.3235155591433587
0.4243461563047948
-0.4842973965091546
-0.2072970737550115
0.5601066817989895
0.13082797451354633
-0.4758431392906082
-0.6993320754216512
-0.12258560469406143
0.5462578471709594
-0.5482289416753594
-0.5895164675727802
0.37610357481643764
0.10011731935367463
-0.2001572372276268
0.5305385028666589
0.07000912579596807
0.9542661898688363
-0.589305047285638
0.48615955221121165
-0.8410150006673827
-0.0725732303286315
-0.9766780046334858
0.10623588815019325
0.1371203977376081
-0.08329468655788608
0.5475836151803954
0.3636536004600237
0.3915025946710906
-0.9142116610258642
-0.4894633206282517
0.781576237237799
-0.016360233224057552
-0.03052384523238949
0.6433241793126552
-0.13718202672522883
0.5039669132347782
-0.346977602635
0.09159246923183506
-0.07832008596684847
0.2862286582613591
-0.2321656216792034
-0.8517750443625549
-0.9466654346055807
-0.4751097930345849
-0.9658704441096053
0.15306097723183987
0.46136713093046433
0.3737423306129446
0.9827586821204477
0.012897461159970813
-0.9041792650079761
0.12242444777977912
0.1491809512145683
-0.703692999781389
-0.7674091835260106
-0.9553775885562197
0.6441344798385451
0.9826770102416771
-0.9476244752256249
-0.2977355379999471
-0.4317699961583008
-0.7023058777234024
0.7178622902534406
0.41693288540319395
-0.04763388532191515
-0.8378320083195674
-0.37862950539254525
0.6604284882889497
-0.5049535036005928
-0.04642619109941348
-0.7510682817178216
0.8169684206960306
-0.18931310037579374
0.4479591457002945
0.8334251543853699
-0.9186849428774679
0.7524210213907723
0.6012845159949993
0.29351902821097386
-0.22651026006576735
0.13934849673574812
0.24093307390881114
-0.3189265069603695
0.016585511379181295
-0.26947599784602927
0.1263865722451687
-0.7471848053589594
0.3565122676723682
-0.892708142763444
-0.5494734753050459
0.033314642244018255
-0.4028328845236402
-0.5880676296794869
-0.1921416616707856
-0.7440515533728438
-0.5716326495586173
-0.2452219343655231
-0.5843057031104335
-0.5153047581644956
0.5394439124438133
0.24823451331496216
-0.32978451414072474
0.42519082717981416
0.9112981537253
0.10614212988792948
0.8375900869066939
0.396788514227703
0.6464299270895664
0.16980385558670053
-0.6558199521088723
-0.5265775466883937
0.5782937141528226
0.531679586423174
-0.8585981084639354
0.490991168963014
-0.12464967130468807
0.5458239185182374
0.2239739554614335
0.6449687094546053
0.7239619174830065
0.04421464146765608
-0.9266305330988347
0.15412828329569983
0.12310003002486392
-0.13810790025865272
-0.3029708514934657
0.26644477972482594
0.08638104142505121
0.6811563039632813
-0.6219068370922867
0.35108064004450856
-0.12621391700559226
-0.8243024718300647
-0.78091589430014
-0.8373994861110026
-0.5921703530451765
-0.3235992557261729
0.152499413033107
0.3438284200912074
-0.4851573993926057
0.05979964708334817
0.061049662519895076
0.2157712860067278
-0.7408185893242134
0.43206404664380527
0.2507874571249076
0.6214975607307025
-0.07252387585212983
-0.5571717016963076
-0.7755839603138797
-0.34237218966021477
-0.16555069196401018
-0.7406644556433806
0.5664037557547403
-0.02764885590568822
0.9208986056252764
0.06337272145983297
0.7827865641596077
-0.5982333509413307
0.17511169810096217
-0.9165515645729867
0.4225962408856918
0.6908862048398898
-0.6140546746542341
0.8037452215313947
-0.09697292007100344
0.26345015498813185
-0.379282687263498
-0.8608133660349986
-0.029957816460839393
-0.04420578117904572
0.6236308927453349
-0.6303548808248598
-0.05976918911043283
0.19417984362161222
-0.42809889186056393
-0.7341598443227242
0.8226926137396937
0.3233205250063418
0.21472786163142255
0.24222459023520493
-0.6684184497736974
0.9593867448264852
-0.04888779189742687
-0.5556553974991623
0.38371665802824273
0.3255171734523312
-0.06799593111517055
-0.2768656454570717
0.5641722854235924
-0.25589588565785926
0.09220913053966262
0.12238054042557645
0.2588028830200746
-0.7113631229087258
0.6361155296928098
0.7993023085242923
0.285802239262241
-0.7113546083832771
-0.1920799971166236
-0.745617289534652
-0.27673409621644174
-0.5710201664081578
-0.008441240372605296
-0.680856211373162
-0.00860161641432855
-0.5287866345428149
0.02011753338125244
-0.859827323212528
0.3055818796003904
0.20349314431038534
-0.1677281041692913
0.9986970671056685
0.055123158178468135
-0.5421085516651019
-0.21108745566515363
0.686496376596772
0.14712073539690396
0.9082087549300515
-0.4241570451671457
0.6047099381421419
0.8153585541837387
0.5126599661123956
0.8944936925749847
0.7874557569038578
-0.7600492412735518
-0.30411766628254
-0.903284879679148
0.7917774005755862
0.2741819225585478
0.9730172020100798
0.11457711428004247
0.030910464658152392
0.11355604434758382
0.23976181155631338
-0.8692612470516572
0.8058422493718833
-0.025822314339861485
0.01786678782901774
0.7842798864314875
-0.8252095931864596
0.4439808001058849
0.35841936391579754
-0.8356580792805657
-0.3654923240464907
0.7570596783794397
0.708353651042271
0.7152158090110952
-0.9534014060278913
-0.7815275785857407
-0.9371947106001155
-0.7236973864963332
0.5961412199912401
0.4731504513873994
0.6697606053385012
-0.9944897115081419
0.9194582564681801
0.43125353331205885
-0.5125284489897797
-0.5794221072947576
0.6663478305502979
0.8911145438469377
-0.8509284282531517
-0.28267453145259447
0.6323420778154838
-0.4547954047526406
-0.6064152696195748
0.5854233256036476
-0.47546709893632366
0.9865188777186686
-0.598232229235454
0.34765281890510114
-0.839353396044356
-0.14781182247573854
0.26653855011686733
0.6698130481872058
0.9276958940093691
0.05887558276740501
0.09768047411350533
-0.44553442353929906
-0.3634668830245267
0.22612320819638798
-0.8890988122434118
-0.7417142336213209
0.6883679986339333
-0.09809036409140859
0.027138458884567562
-0.8673793186625058
-0.37906071964783816
0.9946065898239982
-0.8504138923049296
0.2911143032353136
0.5139423181276692
-0.919763608235793
0.1458133472664196
-0.6788405411153526
-0.1503111375430537
-0.25043989151557344
-0.1730959935209353
-0.0661423143847033
0.223767660051573
0.7144915942066814
-0.8048033749277743
-0.3463750353975361
0.6772116132629105
-0.11951859225177719
0.3765483104534315
0.3620108140868985
-0.36676808416194895
-0.010267245121199142
0.9885651521723555
-0.9789363026573024
0.5302842531995684
-0.44125065032732325
-0.07729575243758235
0.45711328454535494
-0.5507762823279783
0.27595408015038236
0.6630681515769843
0.35056797384824545
-0.15777306658130863
-0.6248265499601997
-0.07002855485136728
0.8265738538833163
0.7506370940893636
-0.12525736048007463
-0.9432501044206378
0.9357557043021538
-0.1652100393966358
-0.93847424868718
-0.8935228544141682
0.08875940229290658
0.6599052415327993
0.7739438228132984
-0.5059797619692259
0.21836180182487785
-0.027756768232913398
0.4701765862258229
0.014626091302587962
-0.7869236602621368
-0.5125448866627851
0.821659777532477
0.48850845996228287
-0.16466507067788294
-0.2588669808269546
0.40217988343820776
0.9212075951897649
0.16475604664645394
0.10474887572240466
-0.5398671990990818
-0.10155956423265611
-0.837140240914767
-0.9205457993158226
0.07008983035987937
0.18662897678756307
0.33749391449600274
-0.07816665599345374
0.24790496914202098
0.9871127869001897
-0.9352308709861328
0.939182531575085
-0.36431771751984554
-0.8923228920079254
-0.03669089802014591
0.5698394228601922
0.1309549051976573
0.843870913461616
-0.3900792174703436
-0.8333105701762209
0.09140724661208788
-0.17564995289381802
0.08931624922014159
0.31055853262267874
0.5591888185621441
-0.1297559889125135
0.5298876040562446
0.18744708350364148
-0.9868743310427237
0.6120104854491362
-0.4088423247443602
0.1346208283887842
-0.6497545520778845
-0.1940480793353787
0.8545080701907062
-0.9632134466480076
-0.5405538287291165
0.28100013880474295
-0.3845252774627288
-0.7112515421088372
-0.38955265830654673
0.54903374096815
-0.7307254903581613
-0.6836800736631483
-0.9340037293557009
-0.797364781030963
-0.04540047928134516
0.9436923936225527
0.2410060594456196
0.4168130009807549
0.6656728752943639
-0.05620388984042135
0.8642462546138625
-0.9780491657235624
-0.3400422995573056
-0.829339580107129
-0.34005893543253585
0.9298162614659251
-0.9968687953765021
0.7957120841015017
-0.6050287018230933
0.7362724125183937
-0.8360194860010579
-0.5679953327965985
-0.7595376050695841
-0.9654112739574146
0.333924162319581
-0.23373038985167494
-0.9830887898726384
0.012684532571783702
0.31776147502324825
0.1240244794930403
0.9466803585427885
0.3779412869501404
0.5789709010149253
-0.6977624573297634
-0.4272679074493855
-0.3435148586846979
-0.8091915294695218
-0.16080988436465748
0.0945517773887743
0.03112549913758267
0.40330197286576164
-0.32771158374493137
-0.12381152355789826
-0.4505434365663703
0.8409445009218701
0.378552309951631
0.7940987282423713
0.6330542338563165
0.8860747615501343
0.12536914940545518
0.9614832006589946
0.41425378437053473
-0.7486903330621262
-0.7678308580416124
0.48509580191628654
0.41057062791140986
-0.84985713767436
-0.18782779021091534
0.6204036223062652
-0.12595567301148236
-0.4130231538688398
0.8003684617967379
-0.658184317448022
-0.5509806266521422
-0.5637523587616959
-0.44219943744305157
0.7261681943171991
0.8898018967821963
-0.4790308735131328
-0.3280066100801098
0.49380932365593955
-0.7937421321676932
-0.9196073931872868
-0.03544715038562796
-0.9102153974761706
-0.21381289304248963
0.33028452696577304
-0.5136930996612965
-0.8468413498682108
0.9396525408177663
0.6043985012663322
-0.6783204714598527
0.30238686579438445
0.956349479261192
0.32477477215070927
-0.56373753327314
0.6473624238032869
-0.8429211506143255
-0.9589356525888038
0.07222975336497983
0.8828436522912706
0.5107858003984815
-0.5306242735209334
0.09965209848643308
0.864332965880672
0.2928902244919471
-0.5407057752365203
-0.6593876259144338
0.2922542874165255
0.9918202293819762
0.8327169662493548
0.09755514656330533
0.7139489120161779
-0.08507850307864828
-0.877066890226454
-0.22861487005450654
0.5940104116527527
0.8033044837520067
0.34886218429021465
-0.6479359258427952
-0.4915827298152071
-0.5672372504730463
-0.05003261259466729
0.48958078078744993
0.7373122287213718
-0.9651124395053206
-0.3288280220262605
0.6980625580804536
-0.2347139144346948
-0.5200704973266101
0.7005289334093705
0.5943980745503694
0.8043529820710722
-0.6812282871240458
-0.3574856671381923
0.824675629581312
-0.6676897524416763
-0.011717675096127866
-0.07258199373729601
0.8776753389643783
0.7739686185443904
-0.969132801272234
-0.8427065538493217
0.9367907580215391
0.32756896491341925
-0.8296846193522422
0.3404329886992925
0.5916922174197103
-0.7225166912745609
-0.4224268997418923
0.9624061735921088
-0.3229661436589608
-0.11542488018399233
0.013202690766032976
0.8573907380440771
0.10541169508256587
-0.25049645693706335
-0.4192750210456504
-0.43835550374498533
-0.14656284708528
0.9866346873659753
0.0012820176969339236
0.04848037381657466
-0.03937344490044392
0.06450987623329585
0.4208639737362927
-0.5249100289878124
0.2543360126806551
-0.03524105828895019
-0.9145132271647234
-0.2401313604932196
0.9424974891739173
0.05631503461403442
-0.6257196286568525
0.11661175945900082
0.09131838070809062
-0.4346674953776475
-0.24117520748435473
0.8458709607330617
0.12620955873928308
0.7371840937554381
-0.4850619127202518
-0.11935599506199202
-0.40150188535795506
-0.8842714440646433
0.5352390754235312
-0.8848712405331276
-0.5357209776060743
-0.7278259041194457
-0.5916043115587386
0.8808808643893782
-0.133728161953794
-0.36090882159757687
-0.644952683397054
0.17369496696955888
0.44463715794618297
0.036068136061814915
0.8225071773638435
0.5015252297701505
0.12264956486521061
0.9575554510223063
0.410564263771374
-0.8066144915864664
-0.920249764189121
0.7251194865928761
0.5745734243805489
-0.2717762880714658
-0.5553894764909129
0.42998416846155907
-0.019926494657270588
-0.22784703313779175
-0.6264613749094772
0.12349653099423952
0.9947981846044578
-0.005590867652995879
0.492729499422607
0.6833463775980366
0.6952164195224833
0.6302853765562677
0.7779688117302754
-0.8198531509146938
-0.04026464615793701
0.12711002771574265
0.9709105972828902
-0.9908729080848793
-0.3414200735457018
0.8274853363658274
0.07024530672651208
0.5304562627867733
-0.3536958395007308
-0.13673276335152806
-0.007259963922397805
0.4334097978410649
-0.9418420512473689
0.02799005039799063
-0.4310245584121932
-0.7882398681624014
0.7535618222952483
0.5497285041956883
0.08818728408196908
0.8463493367608868
-0.3446484789825979
-0.683326360297682
-0.700476879827348
0.6672469076276517
0.9031267270168342
-0.6005181941614985
0.6522126712120455
0.6912554298387303
-0.005087710308152804
0.624627063347508
-0.12710530104589868
-0.34942507653324917
0.29486882329910813
0.16307726460470295
0.55647979435942
-0.7346384595901121
-0.24592392289872
-0.7562311548601723
0.24599848782697187
-0.600031117815401
-0.33257221628505684
0.31624319253771116
-0.0465397985865903
0.21159701553751598
-0.23696931024654777
0.8069445153104526
-0.6109931404425586
-0.7907230430909342
-0.16535445077945266
-0.7533574935039611
0.3397390393399067
-0.7986218695654803
-0.6395156148812275
0.7706621020210314
-0.9491285754272432
0.31929288834620495
-0.5166106880948602
0.13560952535079362
0.2135896083839075
-0.9038470853992369
-0.06709387830565605
-0.019801107696895137
-0.24096768936787738
0.5090347517477651
-0.17731474628315524
-0.7464086226335147
-0.9967108982526618
-0.10215817498549651
0.4285576723855513
0.6081933856005151
0.7464118076891157
0.9716910428210137
0.8980051024987525
0.24860852328798932
0.8065851295844975
-0.216317026565787
-0.5086587190520899
0.8659771257712352
0.8446846762924154
0.5492304529400376
-0.5339072160593741
-0.3596528911105441
0.7044335755192659
0.07878695423692195
-0.7311034115530819
-0.8423961547036098
0.3542451781870506
-0.4959355010185602
-0.3227746724045324
0.5982887020113248
-0.4073616660760786
-0.987763909732724
0.4171678025229313
-0.9550270174948952
-0.21859577806754693
0.5092881502454518
0.27342494437342824
0.49807192208459883
0.24427672411287693
0.3707216707211254
0.20863140732126428
-0.1842995253704367
0.6417841356730878
0.016992202829734016
0.033863422184605696
0.6272985359610743
0.6773728730175819
-0.3724460234838074
-0.33295498426501524
0.7619261827712047
-0.669969494685767
-0.9019204555744875
0.38905357236756766
-0.15677917830512156
0.17687069084725593
-0.6026799249722878
0.2933798243381651
-0.7348626238729032
0.12280275973156662
-0.3267569879090315
-0.6552141954633903
-0.4031945432037167
0.4942189406363058
-0.42670266607470175
0.22286813889534196
-0.7108281941502255
-0.6935826945691081
0.2778223732261438
0.6597385335150805
-0.17676655429469923
-0.8761264500048891
-0.2521944547119719
-0.08940491415955831
-0.14751060913880787
-0.3542395514088006
-0.07468128521457373
-0.11687538027552113
-0.1652646113159273
0.5451185746300089
-0.1231744738556122
-0.34709662837416877
-0.8389992563260336
-0.9062325151603199
0.5464305399972318
0.5471603388316195
0.9242255653383431
0.6353160392538184
-0.5502126825379041
-0.28442794921563674
-0.08595970989013191
-0.584781362844462
-0.6430326490718166
-0.3687654030216616
0.5710230241454024
0.715384331390728
0.9722983734975363
0.5200853471175213
0.5797252017629657
0.2648436509058931
0.9334591145910953
0.9116377052809814
0.9815148649795709
-0.46776112856525653
-0.7807241372851959
-0.9652476999923736
-0.17568045909657704
-0.4049235091416681
-0.4596839491557798
0.2930703847801692
0.6197270177187186
0.5187351609539905
-0.3908098442978898
-0.13276298960204302
0.5193222527623025
0.9290384175228752
-0.00909415657288326
0.47524052962979013
0.23154465100694477
-0.07223911140393335
0.0025322050492242454
0.7586871630122398
0.7990076461549664
-0.5849189509221784
-0.46375685178144055
-0.88385586934278
0.9992770004513711
0.2890763404043608
-0.45163093747220806
-0.9309422039555573
-0.45470657886700394
-0.7036540080516018
0.5741107725642767
0.6998590939084757
-0.9284036782872467
-0.4579006095850664
-0.06450694106977739
-0.2925031550639283
0.12366101043656741
-0.4700062014872337
0.5259681421238005
-0.8241152568984269
0.8486565688750005
0.9546497211811604
0.988095602448908
-0.186184751980063
0.17330231014888842
-0.12487817745673269
-0.38677494636755894
-0.12373524613628506
-0.902630216067021
-0.27415039186056234
0.3859912022035785
-0.7154843408363334
0.2404744373961809
0.9931707032486323
0.7130475792656701
-0.522831843103718
0.26570903988290784
-0.7022348612186029
0.6898950734117077
0.31234819892578436
0.5896428961472511
-0.575138115730804
-0.4150901928060766
0.7181344796348381
-0.9488171076023737
0.5121243220996075
-0.034506269646760845
-0.57270951357558
0.6570605467335318
-0.3782339792140532
0.6604688282671085
-0.8080705769559904
0.9366876184524946
0.8468145557364859
0.7348325296408427
-0.7965048194259987
-0.4969767972378012
0.39015427661619606
0.24529315109875105
0.6260785851756494
0.5533775685648865
0.281891158539171
-0.098372487681893
0.14062773668794737
0.9874821630622295
-0.24439072910751491
-0.7195586487980901
0.3508610869252795
0.9614244918756021
0.4765300611454957
0.19323858310901532
0.35616409095286006
-0.8401858848773895
0.05273407238091021
-0.3496385371079733
0.8081160205961644
-0.014322025697149687
0.7629689709628225
-0.5411185956262781
0.31374142205874644
0.5127647922982992
-0.7676934222033607
0.6998709851824851
0.8573438739897972
-0.9100047245153107
-0.5037418968192684
-0.7164091107187445
-0.7636419119729854
0.6585097402827609
-0.8977768469052871
-0.9531507835799271
-0.1392282785349046
-0.17430001579042553
0.7176663023980363
-0.7047647234019956
0.6462482411826906
0.5338359125252778
0.16427914474973582
-0.22429876574253216
-0.655545037094829
-0.10804283950406335
-0.5284574394581756
-0.7115819185825702
-0.12783508222790063
0.6891868626295903
-0.8017684505359592
0.48253157795308654
-0.9687957534208791
-0.74911401606541
0.7741348903197807
0.9010418825225845
0.9099246827477292
-0.5973821356281346
-0.3630527324537649
0.9234326591184625
0.4638371820457907
-0.8591567790788339
0.8130425159024051
0.9704916034631594
0.21958963297635803
-0.8044299988498413
0.28764507391198
0.26580227958623404
-0.19279555496904344
-0.4947157277391434
0.11315396987805482
-0.12108211341115593
0.9577391449720829
0.07531773892265736
-0.0013072160813676348
0.7328839892122834
-0.6976744994456907
-0.7189310796553765
-0.2533939400780798
-0.9841983621589359
-0.24813271868674747
0.9862553344593374
0.16406720359471727
-0.7630541702791596
-0.48448607675489885
-0.4565878673543118
-0.5521390847237564
0.4370850021902286
0.5220773501187317
0.5998960863052636
-0.41419232847688514
0.5668010460352106
-0.4507856484333348
-0.6887522114331261
0.16166326338304993
-0.7611259437153048
0.9927189270292565
0.5717737843799497
0.4538586967616278
-0.4073390008344697
-0.8568599480946992
0.4842530320131617
-0.4753538436029925
0.5655634501981681
0.7799842097486063
0.7042163569116089
-0.19399121276123443
0.9700308577000247
0.4521632259791306
0.05914799548320415
0.6111803923242829
-0.14966629133695353
-0.8881308627775941
0.009767187110071074
-0.8919043881273407
-0.5813035950858043
0.14043435990305975
0.1098596275510757
0.9188921850586595
0.7598735657973381
0.8871764387138468
0.8234326156727039
0.9965924360988025
-0.20714955871556384
-0.6021127440962961
-0.2629340081553746
-0.9535587113423953
-0.28855343613622164
0.4072302983740439
-0.5109762895143817
0.5749690613916276
0.03751394308277867
0.2574681972359807
0.9487212117354558
0.760754167011914
-0.4293828220141003
0.6894243675408962
-0.42450822200841776
0.546433304282695
-0.5043403260291819
-0.6073842427756682
-0.341075560465522
-0.6419525912401589
-0.10797139362490604
-0.5170456210098835
-0.9469757293512866
-0.09047526544019036
0.5126659298331542
0.09202526793372456
0.9106959003635255
-0.48822742850597756
-0.48972837777556766
-0.7785141191114713
0.30613047649085123
0.27663931495742
-0.5877010294239202
0.6217862807032932
-0.33548167180750044
-0.8820742312847893
0.2647995963638903
-0.4218756361152267
0.6205720981134664
0.3469900050596495
0.11399255127690067
-0.1382736541062135
-0.595684038676354
-0.09763190770194052
-0.9845723908457771
0.0537602082902775
0.32150033403486633
-0.5209644560689788
0.5428967779338256
-0.4002406480862031
0.24987328776161988
-0.03264775202160619
-0.19126868871834946
0.6773355491351603
0.335248866052654
0.3219775435125358
-0.2779434299696817
-0.12196597383927177
-0.7492576984853443
0.3594933164177796
-0.7335327336055708
0.3298170272776648
0.5733238594815666
0.20968284294110928
0.37062345341505765
0.1257354856669224
0.9382416411304106
-0.16957839642349137
0.13772596215788147
-0.1678972637020686
0.12155186474740676
0.7427825695097643
0.08301127264534802
0.9259357776432933
-0.9251537887713397
-0.9838445281012116
-0.3625527049938455
-0.32150078125259896
0.5999623621283701
0.8308158621459061
0.5301997435188279
0.06047883806866805
0.08510233745055595
0.2280897987639059
0.7969038094222638
0.04747865843760479
-0.7689093859401663
0.7142534981217383
0.8374155243863259
0.4230431650499624
0.4509239744826483
-0.16522338669294223
-0.5856378735985941
0.10221651800786002
-0.6395935081937676
-0.743375935469706
0.5629587556793587
0.8185285258339636
-0.008389942284460439
-0.6874347958269804
-0.23948975830814279
-0.4616315404861506
0.1451516927518255
0.6675817461669928
-0.24844002672742027
0.39022557700199023
-0.835378266852647
0.3446692232966959
-0.09585002779635055
0.262569587992699
-0.45354642441090265
0.44572724364910465
-0.653388994604498
-0.8137835697966671
0.6959710853113892
-0.7399160654809438
-0.40214640438622373
-0.2567061102336754
-0.8768759248650544
0.8024803720684517
0.20689350683171082
-0.7849317241961344
0.591181362984122
0.7949204608085458
0.13351190330384277
0.9866543881116332
-0.31764829801607064
-0.652695035426611
-0.4447195540283668
-0.3875771536826078
-0.3045770062931954
0.02545067291678027
-0.48148195063423804
0.22466138565715799
-0.4299062667706566
-0.023756277807783555
0.3944790750917768
0.9682860595859935
0.3132934779378731
-0.8987187345970336
0.11592503599760029
-0.8478633524867609
-0.049863212697850656
0.35065239108413016
-0.2682360576962295
0.021848030153684306
0.6991424982455445
0.1512884185130412
0.37405271667714635
0.9692791285553266
-0.6550330428933808
-0.3720471140361803
0.046897364125166874
0.46711721874870404
-0.9322676522910962
0.9174406425776298
0.4258814597834326
-0.31836476377311795
-0.4169198208482019
-0.3058140423724627
0.8068369830452204
-0.1466204798437687
-0.5528620985867656
-0.22528715061418625
-0.13002071032958584
-0.1831517277104049
-0.5007724761961865
0.6939985432131954
-0.5839403899700533
0.19712204542029044
0.4361317792856392
-0.4488863297732073
-0.11963178679065845
-0.7607804813199146
0.3640622633283557
-0.060226315661445984
-0.07044855491336177
0.8693024319847886
-0.7191571329979207
-0.2066076975540847
-0.6252351933067555
-0.8323510155474847
-0.34764802120039207
-0.29357924378787725
-0.2191345215055649
0.4227719482131791
0.3112603032736474
0.4531045496045838
-0.6404738031330202
0.43724516225745536
0.356142930717227
-0.5717108562472415
0.9880369850550621
0.5281463728629459
-0.9297698456668582
0.4736296981349497
0.3097460280140458
0.29100498502888605
-0.27070141634067424
-0.15967323212858897
0.06660624493804912
-0.20057202292286558
0.13608146922926423
-0.1771658436641519
-0.1211554052032846
-0.4233831465219313
0.45918838797020456
-0.14261926835645644
0.9857938420515748
-0.48980363708083674
0.6855379326205466
-0.08849372096636365
0.8640426462946804
0.2377471654061729
-0.0066059387059471675
0.48008704472248276
-0.1304468701771948
0.4858918885665151
0.5687164559022158
-0.951470627467732
0.22542987779800772
-0.0784341745787942
-0.5827636480613081
-0.9879331975539016
0.5498923861941627
-0.037193936606674693
0.649719353383404
-0.4971561321628126
0.12144407616333641
0.05368700067825882
-0.5338707074128815
-0.6414057330768261
0.46463047853877226
-0.3862284235202287
-0.5431339592209308
-0.860644932199508
-0.0630899381579959
-0.1665521889619752
-0.8539955447765744
-0.9302283252146974
0.33503683246013605
0.26176822401510247
-0.2350435259248984
-0.022319956105108396
-0.055472045028334804
0.4783258805612354
0.2865441341005748
-0.2145532097402172
-0.924978543586831
-0.7652544728177895
-0.9346479503529204
-0.5182338403247306
0.533003556807782
-0.562327706874298
0.10307469034943262
-0.7802377832016392
0.438081204458014
-0.8526738055971772
-0.16524896372994435
-0.8722389588354384
0.2639030145883301
-0.179104949624334
0.34931229644262674
-0.5457679987186945
0.7107176730070348
-0.9749952947855851
-0.48723863547092483
0.9381146078336711
0.8949668712086893
0.5624321015479818
0.978675026601747
0.07595447966794167
0.11565510089306219
0.21736918208567735
0.5763322811644218
-0.2762772390764794
0.27215792826160223
0.4818420860093755
0.023924214753074047
-0.4644555975507636
0.36539959008909095
0.12142539193910729
-0.011701708849412018
0.17600910940249204
0.6460530508395053
0.019795053920191652
-0.1009513433356024
-0.0590747844224917
-0.8506259272797481
0.17888605810786018
-0.20229748942228065
0.31169765905534064
0.9007161483428674
-0.7835275962428572
0.7244341754887245
-0.11613762974710218
-0.5401990908605909
0.6416207755364609
-0.661520257010833
0.03844627956665292
0.08691064199336562
-0.0969361193373861
-0.9156625329196144
0.9201654047525305
-0.4576993604198232
-0.6884479252619973
0.5980787164846921
-0.6285320164239878
-0.5645842876820195
-0.06739884682847208
0.34687768911929506
0.6895070215546775
-0.6088057831799736
-0.991780938913462
-0.5497785479426107
-0.8908698020846151
0.8219865982194037
-0.5937924084006028
0.228587235762161
0.6909883395860255
0.0007345651773791317
0.6237569408310817
0.7100122942530067
0.7937614423780377
0.3961352934725224
-0.9625366977264957
-0.4675434858184948
0.777855249548757
-0.2728594174254182
0.773153885665252
-0.1845951442777638
-0.5286072512588533
-0.14828257840751125
-0.34882259494700607
-0.8432644419181914
0.94530499069247
-0.716494163897587
0.8789165781095627
-0.8195136326535222
-0.049679083999124796
-0.47188615134865275
-0.4188625751022914
-0.5090823087182796
-0.5680471395874633
0.6600701721018574
-0.9757534653987681
0.145022393624628
0.3817815099380111
0.30130038127555236
-0.623940712793726
-0.6232342236112696
-0.5235271768353762
-0.004483464022643879
-0.6632601653936874
-0.26307176187118575
-0.7755738527233844
0.07311716651948963
0.5473193680257968
-0.234070658202306
-0.11507682632050686
0.1454329245080217
0.12707555701712758
-0.5511380031027029
0.8955169446472873
-0.4474001873103304
-0.12456897259656508
0.8072379210530598
0.993663058242428
0.15864039159623333
-0.08693627950338323
-0.8240819087162485
0.2313789069211203
-0.4645560790642209
0.2117789849346039
-0.1539545479734512
0.612876863513375
-0.07357829127086513
-0.3670722248179086
-0.37016691228913423
-0.30161167057647686
0.6975578572388939
0.8308040607184024
0.21629054086191912
-0.4130232082774983
0.1988582325498971
0.4614616267663867
0.6735216177317502
-0.20876865946856604
0.012767084183663346
-0.7720589182358553
0.1539431178224775
-0.5530437657910738
-0.7163198128718653
-0.5812575875319603
-0.03634266524283891
-0.9529405335283583
0.2974400019580248
0.12377473985239762
-0.5721512259087822
-0.46323663418935945
-0.8007377191155927
0.9483896883048386
-0.3838712012326728
0.5959637833378086
-0.2040111370390787
0.5520275362599136
-0.5278539850914412
0.16628969254098935
-0.6735146038947688
0.7549787229796938
0.5918276227923931
0.8345763418168217
-0.18559311166754888
0.8802527269551379
-0.5948253092657789
0.021537617793165875
0.022346166767390763
-0.7063095070486214
-0.21942461840200878
0.429422918522695
0.17512799621028208
0.49079783239094077
0.7398605264933611
0.15049448084224792
0.3012652774005704
-0.4962538168743298
-0.6611268690875591
0.082958431104593
-0.5726846982163769
-0.7621690080704493
-0.5171789918125875
-0.8144272799890757
-0.13559178021692686
0.2959138644704087
0.7880722056213134
-0.8351064898249358
0.8620566589408849
0.5303018992898769
-0.39795940772402316
0.3107927644831605
-0.588884241211769
-0.7691984853922054
0.17635826311783065
0.24429021546358376
-0.03244242033163758
-0.2871653317854359
0.6062466912568838
0.1830010342488908
-0.44791570774873524
0.5054062896063236
-0.8799964757376486
-0.33334844474992575
-0.707209509047459
0.1882155262740164
0.886154454787849
-0.49546958069121727
-0.08331881876949687
0.3404109195395124
0.8285547129491553
-0.7459594185870828
-0.37344951602437204
-0.6806874293119063
0.31424036346331574
0.8393546463469863
-0.42385121863679753
-0.20875053913847053
-0.9266306736309695
-0.3732492563410621
0.20508702780556565
-0.44244477865633947
-0.41296226682704296
-0.4650916969299863
0.4377959275463157
0.6302979896015586
0.5716867682926479
-0.48939824693568656
-0.132487984231771
0.6834219202766136
0.240231734580012
-0.6605011360699811
-0.09941436186086294
-0.12202887853596822
0.20834129809728497
0.09578396900179298
-0.3774141572254499
0.5815723603754246
0.4366997262761547
-0.09705962218175612
0.03932345384526492
-0.2283804247451675
0.5099260977444078
-0.7238944474541418
0.6198721667588734
0.7618421643029798
-0.7263949986983991
0.9767753363259133
-0.2993071939150824
0.9855191971944675
-0.7853814078054993
-0.8585034711989481
-0.3635134672916065
0.7668958710651994
-0.10846689462788772
0.38933644152385094
-0.7818782708315948
-0.8704030579006052
0.001969260358259728
-0.0771863056084916
-0.8508585407697868
0.7511831520683483
0.8188911438196014
0.5369925402500715
0.9434592329254108
0.937481332055504
-0.4751495204759406
0.8790406277858986
-0.998098315941486
-0.9888128634693718
0.13528679536558474
0.7416517595994137
-0.6232719039168759
-0.5956107408980698
-0.01983030188013224
0.41473024338235787
-0.028254501696513223
-0.4913319612495477
-0.29360787910892006
0.1843680378753665
0.3663353953467472
0.245344656858983
-0.5208456597107971
0.5331175671678499
-0.669310343816583
-0.23581818161841595
0.3217455747365183
-0.3712485064035884
-0.5408457555465445
-0.6520830010483465
0.5857728320778381
-0.4835582467519539
-0.3094811322951396
0.7628200598135413
-0.6527952493986939
-0.44708314783295533
-0.6330563963852724
-0.8298328643155046
-0.6685540845032762
-0.03301606837148352
-0.052039478296345365
-0.2534315082642129
0.10936671977918833
-0.42418978024725806
0.2065661446240994
0.9993182584314324
0.9741750088519736
-0.5513443398620463
-0.07355819175637945
-0.13517295193583134
0.4621285961791459
0.36519642070187297
-0.4359434937374074
-0.16832820865545717
0.3682657545607251
-0.5814674674975513
-0.5714463447205986
0.1802260818236605
-0.19146461356404654
0.4286582899489857
-0.9237127455876153
-0.6628135644858517
-0.3175880658521786
0.3227475003156708
-0.289902527327504
-0.40803994002444854
-0.6767712211453687
0.4137335768242796
-0.6671778815144842
-0.006470532439204479
0.5821199563593371
-0.6385063377856768
-0.4390416092063658
0.5701147756964189
-0.2894721492584207
0.1980015664475001
-0.05625178654385232
0.35717082768090025
-0.6465725094208667
-0.9972017937387707
0.38261873780020705
-0.031913212360138665
0.22417485998530529
-0.9480227491072495
0.05084204474789722
-0.40161919425585246
-0.3225250042690444
0.38433322779680124
-0.4762330600477589
-0.5205236088589982
0.3107352514376278
-0.6211741390566989
0.7119669518728573
-0.4004715080060577
-0.9160171582144372
-0.4201609334496723
0.8457287077769893
0.22610869082968632
0.3731824541414226
-0.2193117281030803
-0.9280123540353618
-0.04179985985843837
-0.3269216537278372
0.27886816009569637
0.4328544624205115
0.400709676922959
-0.3339802241857459
-0.5627424555607239
-0.8790914369946878
0.37836779139570487
0.7480091626007268
0.34754557511622863
0.46396887395329944
-0.4207700508880392
-0.5380877621006728
0.9551764786727452
0.7003019881687953
0.49331582167607424
0.47673892610561186
-0.7855415990396533
-0.654197534872976
-0.7662488758521473
0.9654694545217861
0.009613239575117838
0.9052991386940645
-0.8012366359626708
-0.1586769064685858
0.31498974622536347
-0.8903194243325783
0.6322667087311342
-0.9241709900630757
0.6494247109592832
-0.6584262812358377
-0.7432341808750662
0.15217904986082775
-0.11471527889354727
-0.1555756970585347
-0.8418799850374219
-0.5863396273247994
-0.0720017618342852
-0.5013086513414615
-0.9126021766371646
-0.8366566274236971
0.40425113503949284
0.5964326896034615
0.05148833181979917
0.1906593390496618
0.24626756906762592
0.256273135645277
0.3582087304939079
0.7952531972058714
-0.5540270935776102
-0.7250346178579226
0.3679655853063859
0.9401723266396993
-0.050197499466160256
-0.7951594351214193
0.4853103879787066
0.5917893715818163
0.9837734220522285
-0.3516419072111465
-0.09574964345546011
-0.292666677749009
-0.6932680278005288
-0.6917119186324392
0.33760537497579435
0.3611615424259358
-0.764024457334413
0.8585907400630068
0.7531782107933078
0.9126310512661999
-0.06072135329507988
-0.12548203064377939
0.5730066958652795
0.18260492470809897
-0.36939948912547393
-0.3375375651937733
0.17083016655756245
-0.8666152295277305
-0.72620642670039
0.8137938219569558
-0.3689301495458839
-0.40308989751455293
0.9282873812296368
0.5924668810607279
-0.7767791997523812
-0.990358331202422
0.016528647401031993
-0.25687362508934486
-0.20447317071631188
0.47716267283477265
-0.6203167130518046
0.5550502990416493
0.48761343463730666
0.30188931112336537
0.16903866796709544
-0.2541285458597584
-0.6150336192192265
0.29729912316620144
-0.6120858663587048
-0.19990822552116239
-0.4173368644716966
0.6195930341472113
-0.6159203557035977
0.52133675695146
0.963055854908295
0.1240328018107002
-0.6924772778220163
0.9268065875453511
0.034903536876235375
-0.836686890967087
0.970374463988172
0.40644882239641644
-0.09149627124087445
0.9009939416132999
-0.09411827011891827
-0.14200890189892235
0.8645163303668162
0.10400281410477685
0.7941416455463686
0.7961062330063582
-0.03618888658472619
-0.6041927371894333
-0.9108966881635636
-0.749877164744063
0.5136197367280158
-0.4993373621069148
-0.8223289632889204
0.4166055042266752
-0.5181203870585036
-0.5042530907698
0.9103902416945648
-0.9431504598663256
0.31286118654021244
-0.4746505742702052
-0.8708386509595263
0.7370703267646159
-0.88654013265114
0.3536055229192052
-0.2910032718186133
0.5118064437377363
-0.01014993959414845
0.4845370094881529
0.286086341358053
-0.3854894828122526
0.14885753475105723
-0.988713409983085
0.9761592920968196
-0.4914117377459566
0.1281920912964818
0.32493707671452166
0.29219897047302723
0.9830271487715914
-0.5492677522244138
-0.8037600621510075
0.22491943890441268
-0.8117368193576864
0.21899330940490147
-0.9034035504859834
-0.3403436958744601
0.47992519143675283
0.873380710304585
-0.2516612631393631
-0.6092726910217463
-0.025239756704060312
-0.30451474625071073
0.9561425678135431
0.08529009073593574
0.9388355332957454
0.9694299220331049
-0.5379627282695378
0.7064450949799332
-0.16909282881010546
-0.4699789187195833
0.4951258915449941
-0.5751015767989083
-0.9867659986461024
0.766415061189401
0.956024406838544
-0.7473250679650434
-0.518679353913801
0.718756822920545
-0.21454144797372088
-0.2541633852868155
-0.42856261768534143
0.024040913346767834
0.30037879763166675
-0.9972363405632549
0.8200904125383199
-0.6615909970647325
-0.2670960386092722
0.009236481750908965
0.7908629955596909
0.13840556834694961
-0.7058056710893665
0.495510658045228
0.5473678334554286
0.038098311268707885
-0.9092812827719925
0.46448150925579634
-0.5923227617233007
0.5827842517954402
-0.27013571253202384
-0.3975588202044129
0.3057045563625542
-0.9833064101743023
-0.17368661584844558
-0.4897210358545494
0.5079131844292086
0.026707478169858412
-0.8143581461335567
-0.6062594135322628
0.8127483206928043
-0.2914249153905386
0.6033098699449995
-0.624501380435484
-0.60053354087312
-0.6272258529679777
0.6870934496003862
0.5174678600486953
-0.6440064295803904
-0.9914097196711502
-0.8421611406987441
0.6554226299888186
0.038504939114386794
-0.3233447429132825
0.3937795219340918
-0.4649227186014553
-0.27646360692822824
0.0028214620523581146
-0.702440731079903
-0.5551477197534016
0.07717097006825568
-0.8117307105990004
0.31277287097149253
0.9050767822796684
0.6364825008246249
0.6938762256462248
0.8075651249219113
-0.5795349734195416
0.41017852735958815
0.48811354449729283
-0.013997194619432829
0.8605355718095327
-0.7614693249699251
0.13172537911436866
0.8097352537168856
-0.9506893468828097
-0.7018723031416529
0.8262466606153236
0.39000415859316373
0.19335702180312353
0.00595650484311161
-0.5443249341015011
-0.4795580881850685
-0.8316882749635326
-0.504970159647034
0.5537577974643368
0.014428764775147318
-0.9638563610297242
0.5344230468427065
-0.2851736283566866
-0.05355190865461612
0.40617027420937557
-0.6328218976305147
0.28633505678834803
0.7264220825481424
0.12985721013382712
0.8948287526584813
-0.12631625119094503
-0.8254518598643816
0.21370292406634306
0.9878204826526127
-0.2880340799852634
-0.9471630883464144
-0.436005352066851
0.5090138841613396
0.24964753919074045
-0.8229695941001705
-0.08614183221392224
-0.8680244735174152
-0.29621314807545573
-0.31898797409384194
0.7614774409851792
-0.3472537385279786
0.0034375128394388277
0.3989628009623747
-0.6317269576224436
-0.7037819827513538
-0.9607813374601815
-0.9247906761713462
-0.9403349375284686
-0.11274055619530943
0.37496271079463916
0.8998929214351583
0.9218509135436008
-0.7450375448183912
-0.9785010154708798
-0.8170117382239139
0.6538812736258048
0.45366989753910003
-0.7703290206663853
0.8753032580163347
0.22680754632965439
-0.09836826171350266
0.3285765376780332
-0.13309808661976552
-0.8134521145035012
-0.4479046862357592
0.15206475132579556
0.4939009910196157
0.7131830998502724
0.20227423095097752
0.3097078004383329
0.43699350570847084
0.9092100668733054
0.19961514876550757
0.7861630319763888
0.7044354296571314
0.9164495357087685
-0.9614939643578149
-0.5557705097919938
-0.47226753860675963
-0.9544276356259895
0.9679795363136638
-0.7100795471678878
-0.7845217595308447
0.5308745812369726
0.2681425437948932
-0.953238046525561
0.30442842245214763
0.907724455718725
-0.26152425154657477
-0.9039302991427305
-0.05419944106766206
-0.7510876958500496
-0.9865188026225864
-0.5516217957554153
0.4824679478749059
0.0016762133299712545
-0.7202621545817212
0.03613963658773178
-0.9953233707285123
0.028434699101200334
0.05438738241108432
-0.6291074948151847
0.11002699026618856
-0.6798029953049407
-0.8848883645245915
0.6133928000573072
0.07090831034420919
0.6854806270357905
-0.8299581324203014
0.7772770010836161
-0.3104818614353446
0.13863379152293698
-0.5393562760965542
0.6592352931101102
0.7431035385941342
-0.5775026179589697
0.6982782503857283
0.7197454582803795
0.026489959536925678
0.06504776229135789
0.20580921910200756
-0.36930583359726343
-0.6859409171522484
0.6961251083706164
-0.042436754918263375
0.605752923201961
0.6575224903059196
0.04994051615629802
0.27983750196930535
0.32782123222010995
-0.989353424772605
-0.8261321174110936
0.7065947524485283
0.13971387473451502
0.3572795550093555
-0.17572405024105908
-0.9116386610448171
-0.1863806118910123
-0.7774305399480665
-0.55092224433991
0.9717570510284239
0.6940830377829332
-0.7691835917311947
0.45621314468390617
0.31316810017719554
-0.6345125468528661
-0.12104303819799256
-0.055823235997605636
-0.7689052761090034
-0.33747497744022814
0.5590590175805796
-0.5105846552353355
-0.8836945823825841
-0.8716696894002949
0.056587320993102264
-0.17144388338346594
0.07731608768871512
0.8107000281034344
-0.729436386780757
0.9642733598459086
-0.46399760168385296
-0.6154302248945527
0.17168741230147377
0.6225557452433224
0.14701893973408442
-0.9391463558602413
-0.5514735381804683
-0.049535464599638424
0.786660500775382
0.4841656409265349
-0.871455893031619
-0.14905472260170827
-0.012252616089963198
0.005086932566711777
-0.7497274498898361
-0.4594877417805088
-0.2503556853171176
-0.07935417772063191
0.6606472553352711
0.4599741680781966
-0.19956124928084984
0.854399617014439
0.48954902452976157
-0.03153545114678247
0.18494377326053124
0.8460272582251154
-0.0007017243313587329
0.7659560899555578
0.37311523761707255
-0.6523423154505092
0.5680887791810902
0.4179845457198863
0.3236028059559497
-0.19756110391445025
0.19920477318217022
0.8022287953565539
-0.10598344022147188
0.6901473161424239
-0.47491870834854577
-0.7023515797309652
0.20734175516192055
-0.39114213475486137
0.9060330708128155
-0.8483769204060443
-0.33831246388327507
-0.15678578995456993
0.8089730903783781
-0.31609594150955855
-0.6270988114160714
-0.5236752052612887
-0.4455161377636281
-0.3012930859355589
-0.7081509079431005
0.4912609168596842
-0.08150356063059272
-0.1016377938250832
-0.2943053075793003
-0.6098033129589076
0.06381937863183751
-0.6263883930694636
-0.14526977993126655
0.29846795634342405
0.1044182818702315
-0.16312103195546834
-0.4156063711466489
0.016093157922291823
0.5542119455343566
0.34574495138872585
0.47208012829532064
-0.7056338708851531
0.3160559260876523
-0.5659837496643032
-0.017818270990325402
0.8260031520245734
-0.7504207086998078
-0.6558458132091363
-0.2507855647748958
-0.3512279587045568
-0.08503046376491463
-0.5559742040704587
0.7994260753418669
0.3311781347412106
-0.2888723460364737
0.7041487113705873
0.5292958463368946
-0.4950419267210071
0.5611604862255217
0.37317682406451347
0.008194510545532996
0.5770380305111185
0.06089243484413176
-0.9403500946100412
0.02549633660110784
-0.9624947991352317
-0.3053728587843958
-0.2404743311582469
-0.16238206289779367
0.10824920135893379
-0.17080914061375285
-0.43528794840236573
0.5294549141543534
-0.011756111084930687
0.498941953843802
0.9953088028930548
0.1848415420661249
-0.016083164006898354
0.39495429693664885
0.37142808764422064
0.7155327303725305
-0.47136561175370684
0.7497086912077946
0.5332765419342445
0.6827031578304346
0.38856189789536666
0.806936839518436
0.2889534460316221
0.38354430188563793
-0.18541011508497185
-0.05136905980199691
0.16927664303902157
-0.28644354514482195
-0.6097380422319474
0.39394087398184574
-0.35702315194365264
-0.3647637290243626
-0.3391223748042873
0.18535344007406307
-0.49260014049420375
0.783469570581897
-0.3291070995531218
-0.1280697960145245
-0.8186644172971116
0.08914446877679394
0.22553740980617487
0.6334401661228712
0.5813711481862796
0.4689292474298701
0.6473064639450761
-0.30491435088209595
-0.6780307110312536
-0.7676895401556378
0.42837580936831676
-0.8578663704374381
-0.1540830915343756
-0.5059273443654919
0.10493035976969889
0.7967982464123837
-0.9700381330267831
-0.6994891101632028
-0.7118833748602524
0.41279496999682497
0.8331737560609707
-0.832742964606997
-0.7737063900157106
0.34801287046546925
-0.45229051985474156
-0.6688056657993648
0.5337696298681549
0.35508527469055773
0.3626188693671195
-0.006742873657341608
0.6397719905443733
-0.3047346481392741
-0.29913123468563363
-0.9712810372072318
0.49183010626107215
-0.45336889020050597
-0.3508960293083856
0.0375994591030504
0.28833265365729543
-0.2077585841464984
0.22892088857707993
-0.3040621871682174
-0.789394202402002
0.337660605284519
-0.3590172203585822
-0.17656896244331044
0.11763636417203438
0.32952437829736514
0.08237531174436796
-0.49455436115251805
0.032277575942295744
-0.045399587042228795
-0.8761554530351403
-0.4944872704650285
-0.6209780130422553
0.06213591117136552
0.2393233039372582
-0.5526224539381297
-0.6636683774660472
-0.38101463084039633
0.6943791952127953
0.9864169463043688
0.10318367890194713
0.6090851147023648
-0.5060483107764271
0.9415179154683866
0.04326476179203498
-0.6088305016096411
0.3396146589059392
-0.8569798762443175
0.6930387844258359
-0.5342800706092352
-0.6804130290488626
0.2693622101646955
-0.4235997135888816
-0.6994492246437614
-0.8432823413285462
0.17477356748957673
-0.6867462592733746
0.005310772790731111
-0.5116694830395137
0.8094793065155161
-0.4677388426854936
0.08597591864277376
0.1449246410250109
0.9420356356051691
-0.019932388990384187
-0.5579154240088466
0.09647851463099189
-0.3023368404675457
0.12125725181440039
0.558192399957429
0.6707063778432962
0.81103104693377
0.8104777544017616
0.47534182675872527
0.3221254567463214
-0.9359060539844002
0.5854122424490789
0.9012521717359396
-0.32325348888802585
-0.34689751199770225
-0.5509322358046194
-0.20064055995350394
0.5995114074904322
-0.11796909165544767
-0.7713963807883486
-0.7246515625524701
-0.3763365316954381
0.918463380671497
-0.2962350757974268
0.5159866582829467
-0.58097506149771
0.18703560086151683
-0.7524568526868189
-0.29600734968001285
-0.8231232479222812
-0.37626414435153155
0.7311910544490772
0.48491021819649394
0.008686095957604056
0.15483305784802237
-0.8742335608343375
0.7006023144436391
-0.6218852558010499
-0.30633053196819837
-0.6773840392836705
0.05438506862406678
-0.8887889192675082
-0.7982724412716942
0.27042175662591683
0.364638805210062
0.8051283878157585
0.29190961827961015
0.9218101053282637
-0.6309366095657571
-0.9673747486407027
-0.4164694044303734
0.47114450864777746
0.5613066897876231
-0.6936132425264003
0.31660293772397186
0.41530745890346754
0.1663480231651886
-0.6316504066876942
-0.42428231191970367
-0.6748380841813972
0.5608813847802083
0.7257012870049109
-0.7921074541160533
-0.07658368937649351
0.476918680967791
-0.9478082080954913
0.8789559317745517
0.8209585808271469
0.8723416612679515
0.642989483497455
-0.9821179269698792
-0.0915913045306107
-0.36381859475308653
-0.2868741143409328
-0.2817153742603318
0.0372651648759863
0.34424946031737313
-0.9142495599044
-0.9701741070202363
0.5075587762142764
0.9994740042968786
0.7820031240291869
0.90662029751438
0.18026991212487964
-0.3014433629003115
-0.47760664105487916
-0.1644739557774484
-0.8302889014068175
-0.6760414044971075
0.7948152639928794
0.7014614058595274
-0.940785125381935
0.10270960721233635
-0.9752615775646087
-0.483397753806142
0.5003343506085125
0.04952687600761552
0.033080432731333875
0.3015674420819421
-0.23754591038943884
0.9259305816648933
-0.29459493537301595
0.8361567843619149
-0.09744586986015813
-0.7951759530444207
-0.7038901870967096
0.8051605821699543
0.340880592071076
-0.7225075405511507
-0.7856646444109989
0.4137283044180404
-0.4011058734409505
0.514190788429647
-0.8165039591596015
-0.014118711987048282
0.4660014699300068
0.02100368629832383
0.5883160041414239
0.6699291815546728
0.1728244766823659
-0.36443019916310515
-0.5512213661094907
-0.6321122698997144
0.2626230540289529
0.093959169482698
0.15432223558038105
0.4527834317595292
-0.008771777457257102
0.9997704973665127
-0.6508623680720196
0.01783292481487697
0.06823529430131803
0.8717930887678853
0.7850584256029189
0.8503192868733125
-0.8615786805730545
-0.1846022613541658
0.11782594881753328
-0.5233766548419778
0.7667377775510973
-0.627146242778609
-0.03302188403023276
-0.9572684000965732
-0.9871221246109312
0.6780020468363537
0.03204360967629105
-0.5449006301009471
-0.9689368939732885
0.981685516178334
-0.6127082124871368
-0.7880680339972592
-0.9302326763571074
-0.14955452566415461
0.5708406907301766
0.7791399704123059
-0.5700634688343142
-0.5450095134181714
0.7584548099726005
-0.1993297117090389
-0.0985083645326883
0.2433100180478811
-0.8483700302172585
0.16873229711430993
-0.7076852657236707
0.3245481462613462
0.045325885552174316
0.4260701308697388
0.6613985545209649
0.2251096136006332
-0.7993181396390177
-0.6412586496657227
0.9563303136359287
-0.5026780393413879
0.5533524602611068
0.3150555675668776
-0.9888533322499335
-0.40930973352963385
-0.9288776088972504
-0.73387630930644
-0.6843978231427781
0.7286281910128918
-0.993086418747954
-0.9702862101969463
0.225718074422935
0.7148004653424791
0.5240653454678506
-0.2012580811297049
0.9256592518219087
0.7529512594567498
-0.06941439693173779
-0.1615157342006035
-0.09581663924712824
-0.21701167863763526
-0.6077856492591045
0.348626073027106
0.6727308387050743
-0.806264238565229
0.8000956067288008
-0.9605860807741737
-0.8980118909509502
-0.22057957348179968
0.20781110837273475
0.21981446140977878
-0.36454004269031737
-0.11020830394319381
-0.06900369924791017
-0.059600270643276776
-0.5126737479230932
0.4628758117067271
-0.4576035408092829
-0.08190493629016915
0.43378105563977787
0.9675382631903506
0.4547938886538532
0.06559068774508425
-0.2231985976522206
-0.877113646860975
-0.2392125387723283
0.22996468084788502
-0.2998268897681382
0.27066145223869675
-0.7065171569094959
0.47126277834652575
-0.8222868144634563
-0.5523129897710439
0.38144395894235794
0.8678740384397936
-0.12189480261622787
-0.6061938385817638
-0.5418337240505884
-0.9352588406094822
-0.010172535556237872
-0.043995944988980185
-0.7826549966938656
-0.28221071582689605
0.7011678381232773
0.3452149839513927
0.3567187602209785
0.764839168665068
-0.8286941741447298
-0.5841529504346594
-0.34987035854489257
-0.36046104300338744
-0.6169537699843937
0.9932622209558226
-0.6792060449691952
0.09339984827492964
-0.8669212325338496
-0.1285484156519172
0.5628098703043141
0.8571218168074766
-0.1494810435784948
-0.7593732096157919
-0.7786316529151525
-0.7101964654427433
-0.3060730112871579
0.08181396683342568
-0.8595543329266202
-0.1459096298832856
0.20506846068257634
-0.3355757975794549
0.6475823505313447
-0.711131638186155
0.15999322554505468
0.9063115821277701
-0.2959663873859477
0.5851291696907142
-0.36033373783217204
-0.05708697082355263
-0.09627838467382244
-0.20554844001557981
-0.9908081580232597
0.030815446793999612
0.5772823540833345
0.49396937026598176
0.422573793948541
-0.6310475559374025
-0.3030075063855677
-0.965902502981212
-0.5257248264425214
0.38736017217987495
-0.06297161326914624
-0.8829215627165898
0.38936191642915796
0.5746507365980031
-0.2994762845700589
-0.42043191932209645
0.954756324380893
-0.5739061985109584
0.25688166641087573
-0.48176295121350243
-0.8249392702626834
-0.2633239344391085
0.9398825143854146
0.2786591197662496
-0.20130587539519462
0.45914164504118027
0.008240996456198246
-0.8182790873412182
0.15382292023205002
-0.013921018728753953
0.23361051608505168
-0.1050861367233118
-0.976161612472608
-0.04102917998518407
0.4567997300665021
0.4307320809339661
-0.11850027193482182
-0.8681553209124062
0.03314304312373073
0.05949736854830601
0.8229279694184046
0.07281391914174673
-0.2983651586535023
0.3267141320823592
-0.5776289341448049
0.8837000360344023
-0.6435909020091146
0.6750660628909158
-0.6248614006239923
0.26405855352509633
0.8887328591358346
-0.19183655065905558
-0.422354435334257
-0.6191439430928121
-0.06348093317882286
0.5483369775499272
-0.6019180787860021
0.8257220028923111
-0.7516946976226717
-0.8904076508941272
-0.5187056887491837
-0.5103541435132981
-0.1609943458871963
0.05674053749048946
-0.25004657249987083
-0.7637146368827441
-0.6194676044252896
-0.8826414573831016
-0.3292192977654862
-0.9598490714385992
0.9580846846749056
0.2430197118564421
0.4999289239766793
-0.3445136021385111
-0.2233531247843068
-0.11970775634861042
0.45923697941014163
0.8754025786757826
-0.5559539215542588
0.28296089740807684
0.12600124572440308
-0.7728288748386358
0.6560193809676997
-0.10056703962637892
0.7053759312568437
-0.6980229868549852
0.0772079579019671
-0.7439495159440588
-0.9090856918413115
-0.8399198956211893
0.8401467156508131
0.7005881968782415
-0.0865752671210136
-0.7463190260981292
0.2901700753160821
-0.2932395923780722
0.43967832077134616
0.08154001681204504
-0.043312846870894095
0.42661083154401336
0.06954760618192113
0.1717380255009604
-0.6409135199385827
-0.9734924094852899
-0.5981790480916915
-0.8581085417485363
-0.6158597236031538
-0.981145746585455
0.6289393233295444
0.719911596977429
0.2613498377412298
0.3504747212613073
0.22329143242710092
-0.5574130258332226
0.13886758908124452
-0.6804260668580748
-0.10850111295652543
-0.010467244874163395
-0.5600983198235818
0.028387651356799104
0.006725661820605744
0.5493651237728661
-0.21581528236685088
-0.11402410628708104
-0.16611028957046958
0.2865118343635391
-0.2788107685580701
0.04766347273161342
-0.7294881533762463
-0.5333098926816442
0.27492597601913005
-0.6976860713877957
-0.2963151940261479
-0.2526625720857356
-0.7832106400528351
0.22370986506122792
0.32060880157858973
-0.719040786904273
-0.8296717263510707
-0.12223613598583727
0.6817287334341176
0.6723492311154917
0.05240151093637868
-0.6996930550506102
0.19582691905357263
-0.16597300617253596
-0.4253878837471845
0.5281032854668166
-0.2632109337526676
-0.33700503815897953
-0.356652054388257
-0.1675105546539437
-0.49779094293302073
-0.49020210660004393
0.18364775029702596
0.32664202432388434
0.7661256627179873
0.3335036534500402
0.9355215460180073
-0.23366022051711788
0.7963790509451778
-0.8443566259649056
-0.7230243791411235
0.6938896897477713
0.5187180621088192
-0.20461414796398003
-0.7597448513187453
0.473175343346238
0.6519193278748454
0.2606064562750361
-0.5957027675981732
-0.8515428898287691
-0.15251152440580729
-0.24689228298097765
0.28851542604125324
-0.22022208972257173
-0.6616202141597158
-0.2638514610829721
-0.10282405009045936
0.31486814938184216
0.07543043267859062
0.16806738335429383
0.6909678092713056
0.9250029330195977
-0.9115452376992783
0.19613458388982075
-0.21922490662885963
-0.8666653706010217
-0.19137676371630796
9.719308706301888e-5
0.1698708303170693
-0.14357402343434655
0.5861872149351752
0.18650270111610068
0.9817199609162479
0.9377813409734319
0.6819944949552292
0.5337027980128659
0.03929206440446409
-0.30966220171479986
0.6332025300962747
-0.04721895573651658
-0.18060182709008332
0.5932637775635907
-0.7294715946460011
-0.77802975426735
-0.21007605631812076
0.16739613398618403
0.6450560244725323
-0.0951686051141265
-0.751229433648664
0.9577035731679358
0.9793011919190486
-0.9456848122963311
0.13557050918269553
0.17583489107466832
0.4340967658469821
0.08004124832246307
-0.3059756560053972
0.008103191015052413
0.05368126040912058
0.20764789770892156
-0.2488604914462753
-0.8870572753329675
0.7886264962066698
-0.2724842535139014
-0.2715196314040367
-0.6700041835361596
-0.7392370623638929
0.9648586219055226
-0.13742887144884586
0.9045873959144575
-0.781050744439757
0.7915808413976295
-0.43047179911158073
0.5415662112348207
0.4924022123860441
0.7001144128598158
-0.45061440130707275
-0.6909536925894049
-0.810920767700575
0.07211571875400269
0.2910805282198532
0.5449765984425738
-0.6322654845842068
0.512342979804616
-0.5011855900011084
-0.7889856909852009
-0.01434229311502122
-0.16171539802082346
0.6955778368796506
-0.6969147048620274
0.837433672014444
0.8798468425272645
-0.08508911002431452
-0.5454193105429752
0.36490864015713376
-0.3470323803988258
-0.5755568226662864
-0.27982712693284295
0.6960284219124051
0.9353326178043981
0.08408692595590361
-0.13588172242021335
-0.38836850254141897
-0.510392314794923
0.6244184818707903
-0.7303115048735571
0.2765591514417203
-0.5884725974634226
0.07551449960890544
0.9913303533107656
-0.24443568365058166
-0.4750209145914579
0.03352784387781638
0.3013282079851005
0.4158675956270437
-0.31693659470920466
-0.6306384877577851
0.7340278577859278
0.3113638694330012
-0.47208846877947463
0.6411304285033399
0.29958951888160223
-0.15143065234118858
0.5522610606883318
-0.7995716726434092
0.4126544798539902
-0.17810036786696415
-0.9385842013524313
0.6376234500440288
-0.14693181040292336
-0.21841126834724234
0.7187416768572614
0.7424377882000686
-0.8879219174764676
0.3598207741995125
-0.0762855965731788
0.9846605612338282
0.08200225402101236
0.07078234439923436
-0.7617209144013688
0.41847300683078936
0.4918565122644001
0.1900893539951829
-0.261557099459504
0.5559064594634919
-0.32855725091608745
0.7813890290336478
0.5180846757072977
-0.8246278053948015
0.0892455892508206
0.8594247640205528
0.5419994817141975
0.47290577055350624
0.018256198593965767
-0.8676064667385979
0.282450500703602
-0.5099313820081974
0.7490615365867561
0.25163817460743854
-0.5652936762562759
0.42121020624314687
0.799634422515286
-0.9531615924013832
0.6348628699302643
0.8977340225507731
0.046211326116519125
-0.7825755180434677
0.128916317096627
0.7681736618165211
0.37494990051442745
0.6192883615618454
0.26012993456516886
0.7402354160692277
0.4536578553522941
0.7424238420472817
-0.23872179910125713
-0.014741374418431707
-0.41657922450397056
0.9930447507834321
-0.2100336395404061
0.08727236845198583
0.47848790412525855
0.418785628623926
0.8777493072696059
0.6140071998060495
0.7510545685434926
0.8839609090632585
-0.24185424887367413
-0.18070625938423301
-0.5590565837811936
-0.1566069347828809
-0.03412317602126347
0.4631321725134523
-0.046800281921214104
0.8751809724021662
0.7692741017369995
0.22721079955741885
-0.671661375549415
0.23074953579284907
0.31158986012071654
