0.40522430181336677
0.6093371531649185
-0.3775647669354001
0.80805639448675
0.38439495291690173
-0.5898421367200952
-0.990293102513987
-0.6043835792059742
-0.2981687407158584
0.07645482843900453
-0.7920465189715644
-0.44352613074109026
-0.28100323068657307
0.048205099885913594
0.8333323186640307
-0.6876936067344408
-0.126560451516311
-0.5040188214129153
0.9759499285456092
0.23094537177573482
-0.72455457150078
0.619269872631397
-0.7923687652755822
0.129927027181592
-0.9252254184630413
-0.5173675500834962
0.9340296995559205
0.2461495664194593
-0.655026555795176
0.2080838024617906
-0.5132880123145331
-0.20789806821549917
0.7191220212872831
-0.5829279676122878
-0.5917980948387136
0.10325576639544343
-0.13185627448897996
-0.4647980426697247
0.9437170762218008
-0.2248002914615599
-0.46356467643378974
-0.8895126340869717
0.4009615758407019
-0.3331362139540497
-0.8140700199593454
-0.19534652120688145
0.8429525714630492
-0.9994098343526487
0.8032458956084056
0.6336795125629413
-0.6104690483969781
-0.769677489753934
-0.9578149626720172
0.8984501867518193
0.06459151083789916
0.6078136358986215
-0.48032742020492547
0.49537675394720093
-0.9008018419355479
0.6681330649744859
0.6117130885210154
0.9103667415431094
-0.2607930017337283
0.42055519498752547
-0.00410060589357375
-0.9231224115816845
0.2398008978181836
0.4236464628541605
-0.1344240907385328
0.7160785337805278
-0.4689343172609073
0.26473269649350684
0.33701761015900855
-0.02868995715675471
-0.5579578144455444
0.865249980109744
-0.7302909542607128
0.6098089238799846
0.1264497878209716
0.7189677706757691
0.08012586718973713
-0.6294818676340084
0.16157333310713584
0.11197191626057812
-0.5662830815266378
-0.930457081665709
0.8132205829827912
-0.6381729410351844
-0.3510978604295354
0.6098477855440025
0.6689310425311961
-0.2962933471932403
-0.4028574244345453
0.5282409104785359
0.6226176521762676
-0.9159511955733195
-0.9753744046882149
0.9134095322371127
0.20673110178748288
-0.4361766825229423
-0.721758713321885
0.07078634348321033
-0.7748681276721809
0.6080198807284138
-0.39855423301731197
0.22937673502766165
0.10941261156572679
-0.6179935165593236
0.32757043675932707
-0.04467329261688002
0.41040738038294267
0.8912541373582061
0.4100625705592851
-0.1573698560569139
-0.25581511022388836
0.42779202089418966
-0.8653882291434734
-0.34823150052686014
-0.8316282801662167
0.31251190886172786
0.2295767257496717
0.839919595053285
-0.40221943112556025
-0.9395765893848864
0.5030352474036053
-0.4707123926107415
-0.672036584690666
-0.9908858264323039
-0.27288218070538406
0.4662103287752162
0.5013353591474923
0.3925951735048212
-0.15576101822346766
0.994775180200274
0.6409260979882752
-0.291087032266379
0.0561805771067978
0.43284938149263796
0.608794494620529
-0.1254768638582302
-0.319629434612263
0.8549617813653061
-0.21542420866245138
0.434095279458921
-0.7404967698583125
0.5610750085435989
0.3908276641717765
-0.20357759123374652
-0.28896204739835385
-0.5241366401914664
-0.8008976949745832
0.3345997879142084
0.8103835819958252
0.723089328154376
0.6794350040264727
-0.903749660274543
-0.5765486826359902
0.34434403884372067
-0.210243089150298
0.8053289289768237
0.25228735714126227
-0.9364944813529692
0.2724552545163852
-0.08420250793477324
0.8154692979648246
-0.19859784756630372
0.7217781493728364
0.2082888578567128
-0.7407806309497564
-0.041538143151010676
-0.8032967150651347
-0.7837230213601405
-0.5261176438476478
-0.7150785296052447
-0.9765323034767626
-0.3753762818747437
0.7474041724115188
0.2547056279398845
0.5838824226933306
0.6992413553802348
0.7581927781745441
-0.8285565921829345
0.3666445991522371
0.9214182188406705
-0.8346957328365257
-0.44349555237255656
0.5284896563566357
0.5602187173243758
-0.7952223183742371
-0.5598288051824771
0.10093915296082567
0.5150813512257422
0.2719430868389914
0.6003234598807379
0.877518761412452
-0.9375316143240244
-0.7950865462752463
-0.2595300993496563
0.9048951985236373
-0.21830277092713368
-0.9021200513446685
0.906827587903623
0.061377463360636764
-0.7736762161709709
-0.823367148444675
-0.3962582065367388
0.3193647757393494
0.01874272200308047
-0.279985368646539
0.35253715755870907
0.16856862299504005
0.12920480603135331
0.8490662147827064
-0.13086491573668413
-0.16364495563825043
0.28045090643998183
0.5431989904765775
0.6064578707516519
-0.5481369821488853
-0.24620183106440674
0.6416940691994784
-0.42099314664011533
0.16622761860100121
-0.39206264878064756
-0.8546347978768352
0.6313078314111742
0.4640385704109695
-0.13752496571337325
-0.49239378871259554
0.19958273394641735
-0.3315315244441912
-0.2621391111855145
0.21304607084116967
0.9764636811495788
-0.8686285655762069
-0.4469096967466206
0.262081493481801
-0.46007330456927775
0.4391350417297204
-0.551152565700209
0.8946603543546177
0.34309628665551717
-0.7891448456863102
-0.5115481091325562
0.6709507489513817
-0.20250843637545435
-0.18686937248886615
-0.5858270580081593
-0.13647363061572726
0.3667101789724785
0.7707220453279562
-0.46310998789349167
0.09206372261039508
-0.24594801449231074
-0.745292196474499
-0.460335121353741
-0.2349550308679147
0.9714858133837994
-0.47207681439023563
0.38686973848214024
0.5312162131253064
0.5536477748323905
-0.5791214575996748
-0.546501691777094
0.7291271635073633
-0.41682308601152895
0.6194546891841153
0.6612627779475266
-0.9749712825363845
-0.8359148592417958
0.5077350464863835
-0.15284843237342916
-0.9670183547162585
0.1793004316078779
-0.35470348245091277
-0.17373466876455979
0.4103208904692348
-0.42991729995369443
0.9867927262364509
0.815740359802068
0.814892136873762
-0.42158590686450204
-0.7180038834304474
0.7834624978198375
0.24008597099804385
-0.2436070368773371
0.14861048070271643
0.6097645069628164
0.2636256274666726
-0.9768303973874088
0.9183852975439297
-0.8572104229421003
0.08919469878959685
-0.9617493002168813
-0.0524256774836247
-0.8364231463349481
-0.17456151075981063
-0.7508758643751259
-0.02645055865215129
-0.32851305832503375
-0.633160199808704
0.7904744140163951
0.10499455193482188
0.017563098848355718
0.47650773749799935
0.7369889458843901
0.7875893045560107
0.6490708876423645
-0.314165466944059
-0.2788529361900043
-0.75638632388047
0.874006136946337
0.14806549021440496
-0.289241311831697
-0.42813054288714536
-0.49009402482192543
0.29436210843105215
0.7398716484168064
-0.13425349025605593
0.1574112752395016
-0.508522542045788
0.577725655007165
0.7694864665837424
0.5775764729901138
0.0369610845094015
0.23104315302605904
0.5353043999433447
-0.3980486891392161
-0.2153812228845684
0.05636912957465379
0.31471984699039623
-0.25813253971908434
0.16249268282583618
-0.7472827309572452
-0.8222551878855278
-0.24281495432557731
-0.05893613989644786
-0.5865079376712043
-0.6881119000537441
-0.6849740438946279
0.9178723486758265
-0.8690588053209378
-0.030223725722104966
-0.8916395926555576
0.751825850219134
0.5611693801452509
-0.6617913108478595
0.81909866912464
-0.005412637539473408
0.18396050788643192
-0.15290765082071234
0.6666010554925603
-0.5265900571351017
-0.767990283142292
-0.6464798305361796
-0.5628387642313046
-0.4834211825400798
-0.29035153730437635
-0.37653575124469185
0.35392973745292755
-0.4536067129527459
-0.1426877928735517
-0.7808150326417116
0.6541363542469663
-0.9306937482666635
-0.7749547275761173
0.23872484634503932
-0.7508787497763745
-0.017442187698943457
-0.5526689775038576
-0.07884922451240772
0.028771172138885692
0.0796105261283171
0.3146564650083348
0.15390343404390716
0.3050131146241113
0.4306256998733855
-0.4190577931618513
0.7560006950459326
0.004334045080914617
0.42187642269739367
-0.7898274771096729
-0.3342860225315456
0.9821337636331484
-0.22076571219853713
0.601579546222462
0.6541614388822437
0.433365603726362
-0.24093992050750535
0.26928786555804596
0.364182435500084
0.1335349423839043
0.20159456241887153
0.8789686548550311
0.00357883047346208
0.5251175033551321
-0.6019302128573396
-0.8183802354339935
0.9297394527811949
0.08402882228086517
0.5512365629736817
0.17774109277418582
0.8439735693873835
-0.005737328695376576
0.281078758622086
0.4869602386595888
-0.559788777835093
0.9115927763733684
0.061230250791309615
-0.42594779144257977
0.00938019906289167
0.07149499087065037
0.22358214919215813
-0.09481075733335853
0.6987889583684779
0.03509565533418124
0.036788510970718225
0.726512341576742
0.4081464089022062
0.9863677887666569
0.9231284683590859
0.26566997017691474
0.37385687571992143
0.6366814791944839
0.6550491988501954
-0.29679713794995477
-0.10780447550912298
-0.8069276389109254
0.33529342521196837
-0.853786127609812
0.4938103119238604
-0.04211794765101162
0.031761128981509845
0.24644111631514987
-0.3141300811591594
-0.8265963989025265
-0.38207769917006296
-0.9139424252948118
-0.6382694913099276
-0.2482137601099832
0.7208873392169268
0.5312555783243136
-0.15062475294035504
0.8809955172782051
0.3470411344672919
0.41439672439343456
0.7744888740296472
-0.9102090376951866
-0.35841945503718176
-0.9282720871078172
0.8160727731532105
-0.30483598526532685
0.05486675222730408
0.6591523339116985
-0.15887601246529925
0.8413179656613514
0.2878072157017808
-0.5421211488354207
0.1392510323361238
0.0876039914223008
0.42527638556821445
-0.28531823878224793
0.44654019384638666
0.3282896579259167
-0.8217652500851451
0.43341534811210414
0.9315479004492211
-0.877008720301188
0.8180820392900543
0.03038579118975404
0.5381588405472804
0.6912910136430894
-0.9215148462449618
-0.10374602558165202
-0.8020555514344934
-0.500416417073819
0.6044882776772997
0.7640437832939835
0.38274552645176163
0.2508670861430513
0.23737027961941592
-0.34035001178946356
-0.8531771080069093
0.30664164778825986
0.41460611425622673
0.7501394856573649
-0.5890736034952888
0.500119854914574
-0.30714088070753043
-0.037772858964889355
-0.19415995095075234
-0.13400465435229547
0.49698268203181817
0.9151919263916453
-0.4709947754075272
0.4684500636236897
0.9076308891015934
-0.6022665499507052
0.6152848565899047
-0.2447312736070537
-0.5829834337543098
0.5471075141223269
0.24761824400443988
-0.5444599156808025
-0.9078577799007896
-0.2680485784869888
-0.6425755755157043
-0.5213631316695686
0.5538363493405711
-0.9408339082311516
-0.07623669353598483
-0.22018775241476218
-0.6209484025352534
-0.4135519851440179
-0.6812257334142782
-0.30114055143830276
-0.7301940313351469
0.6992930927420544
-0.987805695789207
-0.8086899626892796
0.7084822596394926
0.5517833156181782
-0.7512737948515942
-0.25296581854154354
0.05426531121239764
0.6182144707939701
-0.06761930014362738
0.18637646243647232
0.3203344952271405
0.847953037198391
0.448774247566083
0.22481744100857348
0.9295742076560223
-0.2739064515909182
-0.5046100469294532
-0.8785878958187419
-0.7326250398587182
0.8010306694409457
-0.20070865044011432
-0.18000193158838718
-0.6112865307398003
-0.4152889557580335
-0.9493979751691035
-0.7782678502705553
-0.823421155589533
0.07039112884531162
-0.38027936053452516
0.03673594761309529
0.22173501312755706
0.7659041914877651
0.7931811426312918
-0.5911842051667731
0.3410357789938021
0.9103116700879417
0.7807999127421712
-0.7129553774796666
0.8853637430972849
-0.29673201075778666
-0.5491704046574362
-0.8353609815693752
-0.6532451169858797
0.17860389799488452
-0.404456610093185
-0.7120075411727997
0.6815360295478121
0.9253501497466257
-0.8102925254820903
0.4592580087817488
0.47290117989123415
-0.38060451558058617
0.595436288730705
-0.1299535836425365
0.6846392515711401
0.09180950830794643
-0.2778042774767595
-0.5265390185871706
0.9973328067407228
0.3719477161686169
-0.33331529713140995
-0.2956333394072006
0.5288803367300074
-0.649348276343575
-0.3414032922953507
-0.46585222464469744
0.8935945836531425
0.6738226532869032
0.8931717964915626
0.38850181843992004
-0.8294922898106889
-0.860596976037221
-0.8511306671177694
0.14747083940266803
-0.8767347453850638
-0.7259450210805429
-0.5484669148358394
-0.840862234802104
0.8211113082478674
-0.9108843041081016
0.9017439972225492
-0.4043513968495116
-0.3871316640363429
-0.8628460876448174
-0.23322267553635623
-0.8161866970964575
0.16926387818269717
-0.6566158379816232
0.7393943808690366
-0.04102893388813911
0.3193193041290372
-0.8227241320895797
-0.561296629317392
-0.1871496181977741
0.8724702429361573
-0.7679755383825202
0.5787620530971602
0.40076020296278214
-0.7602542231556422
-0.044890273432053984
-0.34777781122423246
0.299408009081676
0.7599054058819066
-0.5071968736633257
0.2810729683047386
-0.41148928758244585
0.4371097410898339
0.1109457009388719
-0.9117315546954616
0.6667554525273602
-0.5825277944359732
0.4101782822372875
-0.41760595673959955
-0.7004169852017057
-0.705153157718676
0.7309589382151169
-0.5983921282712452
-0.18865306838592888
-0.6004087594922884
-0.43017411058551325
-0.5233365766250371
-0.5879417578399284
0.1419177892516288
-0.38265648016427356
0.7320961568276143
0.3309936956563102
-0.948349757969372
-0.19188704998918604
-0.02786667274357768
0.6099258005147838
0.19878542176120284
-0.9976893352174034
-0.20926049467679864
-0.9561495688913921
0.5901767991966755
0.47575554628746275
0.11796917468849966
0.7509970167403957
0.030697127824510506
0.047122915411847544
0.11344263159726475
-0.8914872585359213
0.9785450794220241
0.9380554424460956
-0.12072494849411086
0.9043070636709727
-0.12893726052153998
-0.5982428007521405
0.5489375153217431
-0.4932332712844718
-0.47437195876992977
-0.9511231886028968
0.31353936150447614
0.8437767649072994
0.41981880767431123
-0.29157802163209867
-0.46679284501567686
-0.896834962868593
-0.9024143076645146
-0.687122199632952
-0.5725059953044682
0.5114706495734862
-0.3510330811599629
-0.28294695655183943
0.5323554886018518
-0.549762875002691
-0.9764086526329256
0.7728770333305683
0.6272436501876433
-0.1879614626981163
0.4375606033090187
0.38850660091866196
-0.5602708863396355
-0.978602784995457
-0.6454345123100325
-0.06758433761398086
0.05560549205814391
-0.07295853938973096
0.2929044594744856
0.9074086509932817
-0.46945599520054904
-0.622216572422341
0.6315481346423484
0.4497225195281507
-0.14912115980634777
-0.3982506413129072
-0.41850291615825785
-0.31590585998177634
0.594408145316426
-0.17355366348695744
0.7462653657333584
-0.46292448667549024
-0.4388441956391116
-0.9384135175791148
-0.99474398902204
0.22368391412414113
0.7124715103008183
0.528429688641999
0.06123034782499959
0.25536241200062415
0.278032439681807
0.7033887742451208
-0.9871127618627518
-0.9145809402355698
-0.2361685802748794
-0.36254385346152285
0.5927232381584688
0.7342301545878542
0.5543408365340512
-0.9019218565459095
0.8382622683558467
0.0747816921336577
0.14901351569956844
0.4275851810072697
-0.8012262022668155
-0.6625320292480161
-0.8398223978823669
0.3479586497945082
0.671674652085338
0.7002237554594237
-0.13232700295512956
-0.21543048641663898
-0.4173247137704963
-0.9726941315354312
-0.055996967636845696
-0.41339013270974956
-0.3193213803889443
-0.462347992426845
0.4608071676054042
0.2933339683085121
0.48206096130089504
-0.04451115208835921
