-0.3434880463667658
0.8850220987693063
0.6407141652563939
-0.6299656001327993
-0.28713591930171045
-0.0007003540676273623
0.646036685814817
-0.07904294749902308
0.7392124054372218
0.5198670759387358
0.4294578052789979
0.1364130191212518
0.6793476736167654
0.661650791013042
0.7048269176749957
0.6415925166607424
0.44217882021764154
-0.04236767924459128
0.414208529828469
0.3232657646253707
0.7482513292117874
0.8217705534357576
-0.35181823255071887
-0.47076596841345086
-0.895063146060735
0.0518137920654147
-0.7368794738418138
0.826805697211805
0.08366074208035634
0.7102126778734834
-0.5071283970778548
-0.3779243869162734
-0.7452522210570609
-0.8011617809960381
-0.7539603861612378
0.7653625355443161
-0.13175336027142492
0.6161525860882042
0.8031990598038332
-0.10580979321332284
-0.2037398432041062
-0.6059950272867147
0.9451408466300917
0.11771723506069698
-0.38807908934265356
0.382620423366145
-0.9684920047211536
-0.007792495029522506
-0.43175603072182556
-0.44548082108227227
0.9696318195960116
-0.7495920498781521
-0.7047819128488806
0.8589585923680132
0.8238423388775646
0.6676019240545514
0.6220694757039218
0.6551876275765056
0.09634955045920846
-0.33118103849577274
0.5588509915592632
0.33512863518012637
0.6734644165203547
0.18564219558375328
-0.8266755120389773
-0.045659442780788595
0.6395704768090442
-0.5786068463172778
0.07091475780191647
-0.5950245755232801
0.4875854903310972
0.9888416404567795
-0.8456915192309551
0.09544307209944636
-0.6602572442266021
0.08973288658867329
-0.24014126292754323
0.8359928356616346
-0.30025105303192934
-0.7812253525520405
-0.9759177388211207
0.14298857669101794
-0.31592893446664894
-0.1723905519476694
0.05668506137176088
-0.27261936159202405
-0.6393343742058768
0.55168915438967
-0.5612671264892204
0.7235706059662217
0.5046881485687167
-0.3039187198255875
-0.35222864477570415
0.9758825745731134
-0.5955113153683453
0.2837748923668322
-0.8926869071553898
0.8644175185835028
-0.7753194327458295
-0.29821893660988064
-0.3667535796894592
0.9502307524887574
0.874819120157261
0.7205095217193902
-0.7823138288021791
-0.7625152250299609
-0.9457241276060366
0.265871470498825
0.5397446515371604
0.8467991432134361
-0.5626700147405805
0.7349577826693059
-0.9064748824818096
0.6559135353373815
0.10349425074109897
0.31919366146141837
-0.17869947137547593
0.7571335264256653
-0.5824845243775179
0.44417192725366883
-0.37892275632363015
-0.784797255182208
0.02878309543932911
-0.4919455114358313
0.8208776179714463
-0.6345731035736435
-0.9111727066080295
-0.5451080988528223
-0.38904243206742617
0.29516064942996456
-0.8495901065707594
0.4909374696979092
0.9702075510946084
0.344247797799039
0.3300693568301982
-0.3089166978242459
-0.4199827771290665
0.5264961365594156
-0.7851786263983294
0.4148474720458335
-0.06167810558446707
0.6609389198258842
-0.1017464385042266
0.9766644659371719
-0.39986086730306214
-0.034203933841914225
0.26103414842380923
0.1963579142052292
0.46680292288595826
-0.39234897348234066
0.18388018303691656
-0.15959397679035225
0.7640277281246455
0.11977201545196836
-0.5070723921505897
0.9968994875530557
0.7375868670208758
-0.6131162998601574
-0.4844286990956599
-0.015482220511869205
-0.8347939487233043
-0.3655291731850179
0.2413743707612399
-0.9770464311979619
-0.8804635721260627
-0.1641424819873123
0.27086582502826806
0.0619402709693917
-0.3981163182354597
0.5715755620933978
-0.25356111041237384
-0.9975159977291965
0.4945363596819212
-0.1021814858152319
-0.4532065784174044
-0.758263453576447
-0.6261161080514692
-0.0890751639306675
0.8766648903112455
-0.6686364265560814
0.11466268894882736
-0.9272915725077264
0.9740019797791004
0.6872975966510761
0.2403434683105874
-0.5018561492804143
0.783777419162806
-0.05528265642511254
-0.4952203133866391
-0.29645441847792897
0.1630957159061759
0.2888503632465538
-0.4144038264385923
-0.4427244343303687
-0.746602425433784
0.5843158702246591
-0.4421677847936203
0.9711601557721403
-0.8909992474674251
0.6177492474628146
0.04529608116097128
-0.9007127974251468
-0.1914217014750581
0.8795199217138312
-0.9043865080732361
0.2560622276289619
-0.6222381844329639
0.6079159011972162
0.3609989973918446
0.20913231750222216
-0.5954438587428399
0.1822598869943901
-0.45323175916702096
0.07395882871005854
-0.9796364454604753
-0.2567334496463043
-0.08227959201398782
-0.2898900461889342
-0.9878350184967521
-0.467602532940961
0.566830659628871
0.5582490226604406
0.027104028080466858
0.018171227539861334
0.05015318290172255
-0.2606127788311059
0.7111206657792581
-0.5320351527208116
0.7523142592399594
0.8476621246194167
-0.1801125242417405
0.15405483421119648
0.519530672349596
0.6604655676437337
-0.32097556262071913
0.9602272616077405
0.8000955173438156
0.9433907829859551
0.29587998957053596
-0.2049096258539418
-0.025652644556770188
0.6088290364423656
0.35933841650874365
0.16088448961706225
0.9709194074096956
-0.84104712505447
0.5702877080912954
-0.21429490082888103
0.15497930272157667
0.13285223085449704
-0.2843941187372536
0.5143504222920154
-0.9210878250557446
-0.3121182931501747
0.07303927716570957
0.03874909122647807
0.6313044544772262
-0.8633223200331708
0.09089003713813248
0.1513206024075915
0.047010154840879004
0.1274196382107018
-0.938673721960738
-0.7537010128641497
-0.022355690238409665
-0.5069589357416611
0.6745521834839652
-0.07483012491673957
0.5588732661527285
-0.1520403662253873
0.4228165465375264
-0.25635029104465934
0.9415803515630001
-0.1674461344250222
0.9986570755312152
0.03982176360929657
0.4020291753036256
-0.8604189223562235
0.04218563230539196
-0.2454633584723287
0.4822843384660733
0.5742640121141522
-0.7609159855996737
-0.26971520898922874
-0.3674778604243283
0.37677677608347837
-0.010217780878604366
-0.8221641576499734
0.5051533055385167
0.2192545340429497
-0.30056098215576466
-0.7822248993087597
-0.05691756803701775
0.3608768598295744
-0.7479714469390011
0.12737411501239304
-0.29023477182661095
-0.46748925386752216
0.23177874393225384
0.1682614542237948
0.7818919865092271
-0.5791924295816973
0.5798794597221195
0.781655233648872
-0.08214942183145535
-0.9146641508828419
-0.8721962576115536
0.476996204830034
-0.9265212635144717
0.5362535522003471
-0.9022248458077926
-0.2790764557105172
0.07780970329927328
-0.6979232081797653
-0.028705348065781067
-0.7879667846526672
0.9435442294129484
0.4383457796489685
-0.9977195970408279
-0.7310458026639837
-0.9237501461643003
-0.10128559194783637
-0.5884200597655389
-0.6808033471531103
0.03387009477291825
0.9245926510272278
-0.995050049192725
-0.199221125958164
0.23977969059435855
0.5229690439523873
-0.9935502415469291
0.28765514167686357
-0.39829145920139863
-0.04823777494177328
0.08209199115831112
-0.7056751342912895
0.16493757628942607
0.8553364200745821
0.8231335861340727
-0.46987116751743585
-0.522662275988246
0.5792469933656448
0.549830746627296
-0.25125161053916845
0.5205598707192616
0.7110897958794657
-0.4347510315759915
0.48526250145015615
-0.33779227857172245
-0.3192509315542029
0.7855829295165431
-0.5452907208148781
-0.4995895551222591
0.3181889079674778
0.4610830336239986
-0.6204736221078493
-0.719507560906707
-0.8289247079482527
-0.7870100595553016
-0.7153805915955931
-0.4646419852713617
-0.2893972913919649
0.51438630000911
-0.268882111334551
0.3983972606080677
0.28160935400369214
0.5507148694896906
-0.8629072866581584
-0.7969629725701641
-0.6674129558547022
0.005194008408044848
-0.6249807396023503
-0.13317425519737514
0.25742548141271904
-0.639866847606597
-0.012142919251853623
-0.887801681189258
0.9605846322142839
-0.9631806144241115
-0.5507672306840976
0.14305386033676015
-0.4995863282105528
0.3097355918294209
-0.4600930821247897
-0.7399073200307016
0.33323849611722656
-0.7428310435874281
-0.25486393100883076
0.9539181688836398
-0.5006981338287626
0.9661504702143837
-0.4753523762024212
-0.2536988813315708
0.9019887997874134
0.42891169142157093
-0.502602306705815
0.5082949980922438
0.07034591692013903
0.3248109277158284
-0.282640467034605
-0.8157498764499644
-0.8341029191322904
-0.8656569107619818
-0.14689075792539752
-0.3253111077553035
-0.42585942148170375
0.7473738681871493
0.3547913310423345
-0.2549500294349598
-0.8431768652030707
-0.8752911466678972
0.4647060177094615
-0.3731461073783895
-0.846396517154774
0.6306189306052294
-0.46171500005702937
-0.27473034344950475
-0.6158767332805297
-0.7023600089648236
0.13166139963276446
0.758724564888098
-0.9512583749199459
-0.06722625831841356
-0.4223420419970081
-0.918419495792913
-0.30258565549763494
-0.6115450735539771
-0.5218607846624481
0.4854956698142576
-0.9952766254045953
0.5249992328295221
-0.3395996915309447
0.26882715022433556
0.1005551289924198
-0.2764035250660939
-0.606502489154487
0.9295065694185456
-0.6525147064103898
0.9994536120647277
-0.7841085737297999
0.9573274636709024
0.21989734436872865
-0.6843164141152842
0.87697016090944
-0.6363284900594666
0.7329693965062622
-0.003077242753139142
0.9787355112978089
-0.10937120560776137
-0.27679589731255394
-0.897806371383095
0.5586081922119628
-0.12982190325163367
0.3399990703883855
0.8780388938262584
0.6518451269665353
-0.7268066652113871
-0.6175807409441787
-0.12670555544664097
0.1989348087475884
0.191422805361535
0.7602479304990313
0.28213358823398904
-0.2364118629987968
-0.7148541717982546
0.17894473152741597
-0.7119632625655976
-0.14453396533153207
0.5029305546562437
0.9446074420093065
0.0982633317635826
0.7564586095538153
-0.8762281081160253
-0.9335877489658748
0.38655304958146663
-0.5383488896866
0.588334504148881
-0.5885791133190503
-0.8638242583209728
-0.7824851025594248
0.055800234779989744
0.038194892894855226
0.9652020046523133
0.9990411573234264
-0.12221980186874903
0.23261119835854105
-0.6892271425080652
0.2734972455002338
-0.8575523386677983
0.41013627865122704
0.6088487092019546
-0.11053681555171568
-0.003157374484156872
0.25808319986193196
0.28494595350824437
0.29863831274311936
-0.5539467179388211
-0.4067116759872693
0.17743655642329115
-0.27299349406179774
0.8767058562923875
-0.0200171549070558
-0.9801085466433546
0.07480660444224041
-0.6151832346501456
-0.2161446971343275
-0.08468386054429411
0.09595591614832122
0.4260419988568116
0.23863107687048446
-0.027431642083223906
-0.3820624007515723
-0.9607426215777499
0.986419432818888
0.8715023628235588
-0.919186827705849
-0.667393025240917
-0.6325610084083411
0.9930593485753305
0.5800411034704984
0.7367339812449307
-0.15360759283686276
-0.5429031366916246
-0.019912111028943524
-0.2958416287361594
-0.023585411153569602
-0.6786701235453512
-0.7499836240948086
-0.13567000843300425
0.634468704841582
-0.4805281250933322
0.21194394906463554
-0.8118139064287186
0.22774794159137457
-0.1511212561420341
-0.7088535824544517
-0.5130559167544244
-0.7596710422902437
-0.05886424179109229
0.7639559093163144
-0.30356429162902776
0.7581848295215781
0.9170968189670607
0.5107312132271655
-0.3762110846929958
-0.4435600413402674
-0.9720348750763663
0.5968809805106212
-0.2690868801208741
0.9075460377178728
-0.474138491829712
0.7718319511027003
0.7861477209005479
-0.15373681291743901
-0.09878610200269611
-0.3678992449364622
0.8696636858360463
0.7838867521561452
-0.8027156488493787
-0.7784458935215195
-0.7401422554808761
-0.43830530990947825
-0.138229430444321
-0.13450278833250628
-0.5692612753007182
0.9578063790774198
-0.1652699059630307
0.4064017246186955
-0.9363375326800258
-0.5582199704409896
-0.497243778492249
0.48538197823613594
-0.20693023614356187
0.7639792585082001
-0.21492506442129233
0.26085016801615435
-0.6314163224600451
0.6734402810294084
-0.339869915357514
-0.624264701308733
0.9621847711281495
0.17229702218873522
-0.8414881280924544
0.9746808445989417
0.42917461584808514
-0.6664918873696375
-0.6960160587960318
-0.6497259735569303
-0.08941045937038927
-0.3012872962441735
-0.3432937886408687
0.7059952963336804
0.04798573651307292
-0.385821606884432
0.1445887477766301
-0.20836502850109628
0.2753807879237189
-0.7630447548458377
0.8658800963670807
0.8285473997488868
-0.968033837237003
-0.3576603780602845
-0.9339003026728778
0.8260426419040665
0.09476105344169783
0.4586013933481552
0.21490833639498552
-0.3124877166021238
0.7430086907787539
-0.13655924107312778
0.9542976595671671
-0.9508177924902879
0.09417742109980942
0.8633915929134797
0.37105136618813983
-0.9443596812164139
0.9332881081003386
0.4402120869371329
-0.5503624535945186
-0.5554065467648686
-0.6859809916836035
0.21973543526475137
-0.29735363889445754
-0.9005658736815811
0.06365744065578927
0.38633509877954264
0.12222862972054438
-0.43709510086959424
-0.44230650635782354
0.651726447058762
0.4898778607566441
-0.6749697124183451
-0.37978173903404056
0.3392125458664377
0.007502176363077151
-0.4770000030773418
-0.3302202360831856
-0.4637465988617353
-0.5752306364162831
-0.1169166086930522
-0.3810907484484676
0.014202192269901825
-0.8203590269673238
-0.5596842111668674
0.005996843707426258
-0.004538805638618637
-0.7393226945378841
0.8351460477879589
-0.5126520061843673
-0.5538193091527175
-0.4494144948108749
-0.5544927988697581
0.06270383269929702
0.13563555274856753
-0.18071190218496058
-0.5461696862091174
-0.6775894549223911
-0.2001786897381468
-0.4246563941618393
-0.05402579281260733
0.5036397840877451
0.9579006275985185
-0.3689722941327376
-0.6100698190221272
0.06160438058705475
-0.5414983484645366
0.14429143611556317
0.2687299767595617
-0.5748623760980842
-0.7544037928000704
0.6528926518425302
0.615618455333589
0.9880421637930441
0.6053420518813075
0.3442314157098316
0.876051986022615
-0.9281871912953767
0.6925827558986426
0.8303666248682884
0.06641686531275548
0.21464009216753333
0.2418247132739464
0.8334530046942032
0.8641658665517498
0.9793726127750961
-0.8788926610433827
0.731888000609084
0.6397626896335478
0.4436115466215851
0.8548898239277856
0.9716935318898225
-0.336588896961183
-0.4543319066402085
-0.990408003035324
-0.01767666422728542
-0.843963196824792
0.3599085230817072
-0.5175357235081828
-0.8828406019362625
0.3051820355039845
0.8839808627169026
0.04492547917245027
0.11853868896964892
-0.9787704781136508
-0.7705442803204896
-0.5945732150230532
-0.6659331249389906
-0.1131579128874809
0.21418247361482168
-0.4892368959815627
0.46769012622022155
0.28204217888241656
-0.9427248627749925
0.023426084359146504
0.5185366204844186
-0.890995095792062
0.9147183715097014
0.4492060126835131
0.9609351156384189
-0.1904817953408724
0.6654288079083663
0.7138214121129609
-0.7057680962330761
0.9021641136069607
-0.39697677200124204
-0.4643931832062518
-0.9601417545194826
0.49292844170434513
0.12922663406768908
0.210762297723043
-0.3921936362189018
-0.35504447506880465
0.22287789541540404
0.14673488434554738
0.06114159668257191
-0.38964608431481684
0.4272985162087326
0.5937462077787465
0.2320968736051543
0.5586288814533864
0.9847558913340033
0.804703154322882
0.7751579777789894
0.7543471070264158
-0.5209177628873327
-0.14458218499295006
0.24179028764068988
0.0061005868669190555
-0.03494771084439208
0.8387225208775013
0.6634056031109701
0.5581228210704272
-0.9995137656369408
-0.6200553117388212
0.324614917943602
0.4298250888166897
0.9087098821482296
-0.7452887589672077
-0.1521822219715636
-0.1498147883946097
0.5838548655436999
0.44015803009820553
-0.9510029621548464
-0.25379830720161767
-0.40458636567833706
0.15868016362286452
-0.24632089210367392
-0.3139763660446486
0.16453378071853386
0.9660668958112555
-0.47096125778669196
-0.16486617753903765
-0.37726997740711
-0.4482909823703345
-0.49206801700948644
-0.6809477746268535
-0.7702479278828385
0.18900221997042843
-0.7352253226829135
-0.03813733575042333
0.7104807482815763
-0.23474839350831456
0.8998374311465658
0.41541367273126095
-0.048681840450542246
0.40867849350097396
-0.6572788361349811
-0.0853802285549441
0.8679825377675825
0.7956703172304684
0.011290021864415412
0.23121278526002254
0.7743500008534427
-0.8551900715984719
-0.9696516219673414
-0.4786925519847327
-0.006041774491429397
-0.6675729561569925
0.40229573087444637
0.8070864867098537
-0.8121915351087874
0.8744971454516324
-0.24759480215259755
-0.9833912552590367
-0.887537998615501
-0.5858430731680886
-0.9658311738281871
0.1073801231114282
-0.12386265394011575
0.8556697253127097
0.571948727396308
-0.0815464092905076
-0.5129246661144782
-0.16730039956455922
-0.26753192562200034
0.6896134507678191
-0.10385503339009183
-0.09071534156466754
-0.40935129483588817
0.06577969921881044
-0.06355973635542211
0.26193871126954393
-0.0735845566703377
0.3330405053211982
0.616470189122901
-0.8862103423461276
-0.6803788227848178
-0.8394056187381325
-0.4690459242781908
-0.795794430673884
-0.33596533514157034
-0.24287364548543788
0.2163797084079686
-0.5905756093181966
0.3819311405317176
-0.01899143617759025
-0.23249168694587619
0.45761705396837193
0.15348186204109204
0.09784412225489048
0.5367212370557968
0.846518923324528
-0.5364233979785515
0.02289083602206521
-0.970472102328888
0.6471896495584271
-0.25683038773643574
0.28410833058022167
0.20627884919312622
-0.20427553882287475
0.18939941281472272
0.44551259727304027
-0.22415547779690081
-0.2760219616667503
0.42131598725197517
-0.5707536405622067
0.5980342945901564
0.19921552772167805
-0.8677630673279908
-0.761423795957572
-0.5518154599749261
0.1347610457391979
0.9936934680405485
0.5835849330606475
0.045597487129861225
-0.511470123055997
0.8479870217141454
-0.17444902184225786
-0.6333754799739353
-0.8344178378902982
0.3723304703966255
0.9095190212232005
-0.15268991619230343
-0.7473744979807977
0.57446156447519
-0.35645451189474153
-0.7740261346472628
-0.9798634077942521
-0.9018054305714247
-0.14402713053294391
-0.6549634765842596
-0.23568172026466083
0.10929570652325582
0.6223916108348013
0.17500980913655573
0.02021257406742194
0.026727779251609185
-0.24918670292068645
0.8093666607522816
0.18589143502245298
-0.4921710830017325
-0.8505255470414745
-0.20909825808383964
0.1631366721143639
0.08409119952234034
-0.565422612529205
0.32287575637885313
-0.5261824100109349
-0.7278888108522885
0.9275456373347275
-0.3316709027580971
0.8738845864468479
0.16921283019408673
-0.07137445639857054
-0.8050262477361914
-0.9661628270169058
-0.9845110932499508
0.31838867277478666
-0.004055460334932093
0.007331665591473691
-0.6844140601475335
-0.8696389155943303
-0.30057926474871755
0.9599925606325566
0.5640513729564156
-0.4691972255033119
-0.9867833090775164
-0.7633840239165623
0.6188033239278163
-0.22156467936241153
-0.43958460605380445
0.9217527445780562
0.3473252521957062
-0.22997546081389286
-0.8790976747169941
0.9246057085236079
-0.9991901857917691
-0.3840640955462531
-0.02973741708100386
-0.27745132643076076
-0.21721963891227425
-0.5872405291215927
-0.9919509019169821
0.026246043721635193
-0.3683176854847803
-0.7014886712335886
-0.10317045495725852
-0.22682499219114316
-0.19788484983626242
-0.16978881844722293
0.7552370166292319
0.18151128595649269
0.4477067938689858
0.5256171252379018
-0.5807607130663812
0.19667597248577318
0.9158952704581793
-0.1236451469139137
-0.7765248908968316
-0.5926267962947622
0.5357598191650825
-0.012062370581493287
-0.23624292435014072
0.8678564752168549
-0.6673547199178329
-0.9796438891790413
0.8577369147004386
0.6770564554152338
0.013950557895729965
-0.49807908301055503
0.10689415995314722
0.1311138128575169
-0.7023992964978816
0.2893902530705641
-0.20892426502640582
-0.409548045068151
-0.6310807923087354
-0.25030549420684123
-0.46170072827452646
0.6630767186634192
0.6637171517914582
0.3220648141854099
0.23042368053935602
0.5807202753362475
-0.6053373315514703
-0.8796531765289566
-0.9879484629275219
0.9199334916237354
-0.7555232763653561
0.19815450334845242
-0.6782622757365977
-0.04113670103368339
-0.8132134524901167
-0.5179207631651077
0.6437594589158571
-0.6707943003586543
0.14230605662111806
0.5231662383226485
-0.5958423295600901
-0.5768753073310231
0.7498417808101663
0.09725090978040107
0.6159152128309042
-0.2541449387514758
0.33720202357839346
0.9173539792155272
-0.6081259047456449
-0.8984457069990386
-0.7263246279197655
0.19849872714283956
-0.12095119920192632
0.21709383441132868
-0.706658952918449
0.7943149156262543
-0.23593634446979683
-0.030537011365629585
0.02300723633666868
0.736976262499502
-0.41439617076266977
-0.635879341044916
-0.1746539867635084
0.8414820130436871
0.11210629296971497
-0.6397728922932928
0.618876041407705
-0.8468529342138282
-0.3311047591412626
0.9819346657589505
0.10017390339825116
0.7850793893827182
-0.45287293512476623
0.9771126020378005
-0.34639449023951707
0.21563439976103904
-0.08411697414743857
-0.47156092979800324
0.5550923418765028
-0.25236470892016527
-0.5772083840897055
-0.44399408367181437
0.8768089651004032
-0.8041781774038705
-0.7421801794623133
0.9264178855233816
-0.9075610843095099
0.9306164416121567
0.1323353110724228
-0.2681752653406897
0.03530700480786697
-0.5314749561468846
-0.9765634614450245
0.3236767910651186
0.881586243590053
-0.34965035719049764
0.5826511611254825
-0.733153080625828
-0.7875067073575406
-0.5779816623975513
0.3076163403053509
0.9746229404754376
-0.03424720631943279
-0.6095985992786028
-0.8268472054433622
0.715834212454876
0.17310823567736078
-0.6974674233257638
0.3136383954123989
0.23716825273736353
0.8588690849303551
0.7418220070568413
0.4619050502586668
-0.6304352951130352
0.3448736785792188
-0.812570759567965
-0.8209010305405164
-0.40285385076802394
0.17659435601155637
-0.0069243832993195475
-0.18466557831556552
0.5696175237695407
-0.5592547350061046
-0.7293881601681917
0.02323037436584041
-0.5072216564945609
-0.9894129971079249
0.9036817497328125
0.36096633115552645
-0.2560686299025132
0.5005121237241243
0.5091651264468955
-0.12551089247985336
-0.2059392261988382
0.27035339498044575
0.07672260979288836
-0.9786860473569523
0.1384512884258009
0.7098920478704449
0.46653752655141156
-0.8864655947308777
0.5038846576412292
0.9987691244137649
0.36036258514318753
0.7421256627048791
-0.7956397580395862
0.8545743994676016
0.6490250651469838
0.4389050682099933
-0.1367482573623171
-0.6830514911236207
-0.09714168403715995
-0.551517959632426
0.9323138799207014
0.0273916097904201
-0.1476449828121722
-0.3000194305905821
-0.8772719100979529
-0.5094125628282336
0.9761429696227375
0.2921100148238862
0.7421556143134977
-0.839209308305227
-0.9847818363463334
0.41537763491611646
0.9010959226326762
-0.5719949228841363
-0.8932473764436821
0.7842859628924974
0.34367567469941207
-0.926889756931371
-0.4763252131468789
0.13042696321098735
0.8136617243161699
-0.018032413118078683
-0.3795833603232581
-0.4646154107678324
-0.8228199508531886
0.20416105676202445
-0.26069763408401325
-0.4630075329897174
-0.6268860030032495
0.46344021717011774
0.733671572324047
-0.8407490171314405
-0.30098641376821034
0.1997085830537091
0.49837980133556714
0.5501268782021351
0.05417762457628905
-0.5816201388659685
0.1590117536873401
-0.8010124336180287
-0.49658085153642606
0.8009889196723421
0.1735579430407017
0.32122017591422036
-0.8202372465693428
-0.7904652666366982
0.9805868100628627
-0.816482840422649
0.8521236577614517
0.28301970328449233
0.4085021948750098
0.6013706455538119
0.439237321481587
-0.503934211402306
-0.7759916524026895
-0.02742311362896732
-0.48590163656904606
0.6329286832745074
0.43757799577549017
0.8547834145579696
0.35928677671639253
0.14161822469470042
-0.031229478180356374
-0.8922718651405752
0.9311926088835398
-0.33069733835259196
-0.11265381041853395
-0.5045363140232588
-0.7500295913230359
0.5041049712933896
-0.7451990680382594
-0.5847639897619539
0.7707876428430604
0.026908590954979772
-0.051431313913030685
-0.1432733804863826
0.7501561330497992
0.6179024179591015
-0.17190339084491146
0.20894974950776302
0.7649395553282439
-0.833796542427276
-0.5966046296842817
-0.5981286404561685
-0.9577671706263824
-0.6333197752619593
-0.16776781135338226
0.10851769840488812
-0.8624354087625345
-0.1927152304196147
-0.8595917343608437
0.16774383029868867
0.4100228867241631
-0.4727973865705466
0.5724200148691798
0.88108981312689
0.9053092111853278
0.5009675294193974
0.3752822793083186
0.320992955787081
0.741176011962366
-0.5386368845429903
-0.44301929948079843
-0.5847421494369538
0.6115317611601245
0.8161026035680434
-0.7415790009570782
0.3679393977958698
-0.694404701366639
-0.5972349813982443
-0.27274106547933297
0.03242053312890114
0.43509578663930126
-0.5586249004921036
0.31775160914414036
-0.33227908786224525
-0.00546052912224626
0.013916636601448484
0.23073797702641707
-0.7988980751933239
0.9573979706536004
0.8776175143762095
-0.7079806234357178
-0.9912607603154497
0.6832514654022237
-0.9742622430751133
-0.10615436524901956
-0.8247593224303298
0.8338780101772896
0.9005909483715326
0.26972628488812145
0.8453726711264138
-0.8272783380141706
0.5289393642481368
0.25578114591963663
0.9365603433401688
0.6969899603335943
0.46199061031886135
-0.4895805623744405
0.8088420591385712
0.7250988750354366
0.39433879801549443
0.7115601630785289
-0.5674169023568054
0.6934201916677383
-0.4707567748806256
-0.05651346317350159
0.12666227216616788
-0.19602601856065593
0.10929922456797714
0.5644512225845384
0.6414672245152793
-0.20674315596675408
-0.7534478197643368
-0.8714950774615811
0.16513159214391582
0.15683794042399946
0.00213154655582537
-0.9458111789015358
0.19660314843234827
0.8602459969810208
-0.5304245963263678
-0.7620180366810079
0.34303658892430144
0.2581827925663882
0.7550930258857336
0.5144285775546855
0.9650123330969493
0.6416560459800942
0.8039582354690911
-0.8142991545852047
-0.2843283331916222
0.931339635421645
-0.3586473144148701
0.8282174877777257
0.714530317934039
0.691255104056153
-0.3195286460030684
-0.10308187515312595
-0.3616010981163873
-0.720253516258818
0.9833975808496156
-0.2840233497511657
0.8826718306277361
0.07713629637247266
0.495315832450236
-0.9576987267125552
-0.9531801385868981
0.5191412678370573
0.45110317820891055
-0.2756477341469328
0.39299570507463066
0.6698912142394473
-0.483669285420798
0.5950184679999242
0.5051011467598676
-0.09235260634538855
-0.6549916443227626
-0.43114636022377706
-0.8178897387565098
-0.2138976144246647
-0.5901530738245198
0.9076514664607314
-0.3081877767827188
-0.9676836856979762
0.7558745253796118
0.24959296316259394
0.5563905256322204
-0.20237678414312166
-0.9929673351369943
0.9225138912941149
-0.04948707582038203
0.2994091583098526
0.2157803532480913
0.9848265942193546
0.6342848216300396
0.6200804852910018
-0.28329979441411135
-0.800493376121235
-0.24915262755914158
0.7640749980065236
0.5547625907701232
0.028104810620294796
0.29881822867395247
0.9788838291880149
-0.34858070805633723
-0.8939090110918633
-0.9256298168669139
0.23956045125690206
-0.24572021991510784
-0.2565180741120572
0.3092619906419434
0.18723587499853878
0.5669661087783044
-0.8675900573411535
0.48459939711031774
-0.9733905904204398
0.9706811723659583
-0.025083758566190717
0.4087629339955612
0.37519801881423875
0.14810419644529293
0.9997301287277534
0.5619787640855747
-0.08076624188377046
0.40402085015535194
-0.12673596618549965
0.41487980740198793
-0.30709865959496074
0.508168459781833
0.7373853111163418
0.27599862244121365
-0.9050124490051665
-0.3840254421440159
0.8460499982298519
0.42498610362493583
0.435317024605097
-0.9514409827877088
0.9785460954960579
-0.5300019779418634
-0.1664023811043256
-0.687979588821245
0.556528975907062
0.16403118617496482
0.702540412877664
-0.2297894882999998
-0.10811624754289051
-0.709276286414255
-0.5588472540180396
0.5021263844549195
0.3766274446122373
-0.8679626701081751
-0.6010877858199914
0.778648421559434
0.9343247816013371
0.7771159926232687
0.8249995366803025
0.6423696965158223
-0.28711575533511446
0.04857637448251406
-0.8319968606637813
0.20751077194242562
-0.32235076085372416
-0.754983151902755
0.10847235965472057
-0.6143390358304024
-0.2892396305812821
0.11165163041040671
-0.860533671889256
-0.2181188515746859
0.9531801746615574
-0.22945405333731816
-0.08557645867765729
0.42359597632471635
-0.41669509210052347
-0.8566352600634195
0.07811507180319355
-0.48623381805310695
-0.48990467737728904
0.45612970607612535
0.22385145464058276
-0.8220834390359255
0.3561676832379952
-0.4091673166989498
0.7340611900826586
0.7514612360023598
-0.01129111868125321
0.8049942231652758
0.22124911530394265
0.2511008096430718
-0.3712837249063723
-0.04573103595269634
0.37961957966114435
-0.7079415319604219
-0.20018379773125083
-0.2695734210447216
-0.8755339411519687
0.849614785720298
-0.027677967702356643
0.597203572729156
0.2067084070546814
0.36020145312280905
0.1988238583557269
0.1424332813770417
0.9211837176581237
-0.3782151554180615
-0.058752438958418196
0.29916126164594115
-0.1845724433024465
-0.1036960471120496
0.11675263347568254
-0.6448589969948841
-0.9678430297836544
-0.25058860711466835
-0.83624451150685
-0.9498026805911155
0.8387891801339031
0.935386992275514
-0.9428890652775235
0.2519556865468675
0.14089407276164323
0.8233350196174212
0.489484835591973
0.49614222885680936
0.16388811830876815
0.6269787767676354
0.13900280989481795
-0.6756255001961473
-0.6838308099147725
-0.3596582780892863
-0.8142349085718936
-0.040923884756556284
0.6467135392079699
-0.9031099206136206
-0.845158986449261
0.5948262811950449
0.937574766875493
-0.8211915045817673
-0.8012519348081453
0.11626595550346552
0.19843053730280502
0.18032974471915075
0.003386763667506454
-0.20551976364558078
0.5564552691734215
-0.4341110939589554
-0.7800358218924965
-0.6221844634092477
0.20479128724147344
0.6589434741860498
0.7457848094080473
0.7146734752094472
-0.02751757753139028
0.4637359470109339
0.780987197207542
-0.9443457843811403
-0.9809867864710315
-0.9145310536542457
0.904037276907109
0.1326407466047832
-0.7777018872975971
-0.613964518284102
-0.8052060073930809
-0.6634213003469709
0.27321518340082784
-0.2016599965517787
0.45282879109411933
-0.6220392874596326
0.4498458521108253
-0.7992661884614778
-0.21078771701563115
-0.19584396607337906
0.30821883241826153
0.15579299848641837
0.15213044862179137
0.304059722977688
0.5759929473064878
0.8233130111717601
0.7457669261603033
0.7408407435397644
0.7577461364733438
0.5492012985122137
-0.3890332510420813
0.9936146145592946
0.7236754921587516
0.7955218507362769
0.37068271597601266
0.3871285587125479
-0.4287561531960886
-0.04690704651482269
0.23333424490167065
-0.1615452838589606
-0.23436379667210927
0.1063651769359173
0.3706882259698565
-0.1413339762435304
-0.8936459733920978
-0.71626323964214
-0.09468212399352849
-0.8344594764099003
0.5813028595274972
0.0952087487716522
0.6349434787903587
-0.5850559843578629
-0.10183490081592117
0.5405472183141251
0.5587541545682067
0.5545127864463941
-0.3483256277148121
-0.30840592365348574
0.5623930372584742
-0.9678870087399121
0.3217049966582377
-0.36947020419210697
-0.9082960111001892
0.28751357992391346
0.41692269102115986
0.41895757004144496
0.3698893756424839
0.009961214584989442
-0.6931356590451783
-0.9230126408323613
-0.9870829826240288
0.08554321754156557
-0.7494704332435025
-0.6010958097124157
-0.9023291317563786
-0.9504803471550765
0.8683701263798409
0.4831897979679698
-0.9744923749484875
0.7150945546293745
0.5020913478174207
-0.002402344584046645
0.1419852805190307
-0.7605379496410332
0.5125590645740972
0.6238149266643567
0.3456566849847338
0.15879587346016777
0.7502553173013267
0.6290552960115265
-0.8641652151367181
0.5531673676783329
-0.37401503543100434
-0.665789831285724
-0.16771762158400572
0.05918593817560369
0.09116151861073929
0.9900443897838338
0.5228874638047669
-0.08234303174458457
0.4972920393001514
-0.7628395859286785
-0.7848000096436554
0.49210817911795557
-0.03444830810510524
-0.9123730305653672
-0.690232618762177
0.5374299560137152
0.847337268297979
-0.772894286736133
-0.7067128589415432
-0.7746276282189783
0.454489147951445
-0.8391774315049059
0.3714537747420614
0.27510036250361525
-0.4326844352057977
-0.3948881774188724
0.48799970389472236
0.37114059596272453
0.5143772546734597
0.02452024363642158
-0.31962441875372605
-0.18312468839784168
0.4484300031752384
0.3117712566589055
0.2810838496325534
0.5624399673469047
0.5767462597918871
0.02310785976690788
0.018678036802546316
0.5580624379963721
0.3424867119116741
-0.1011306569135173
0.40226363967565293
0.5832749406930664
0.23849724406593698
-0.5967813984195005
-0.4396566150622587
0.009201607247780075
-0.7520626999266362
0.05258741448239812
-0.1384896756662859
-0.7588949039115485
-0.38605449088084853
-0.08435096378319651
0.8751683925967488
-0.5504915615225041
0.12151960733315015
0.1844425429835037
0.5190498133153518
-0.4222297706405609
0.02941208115910099
0.8611724005733024
-0.7731320342942056
0.48267357654988663
-0.0472955602740015
-0.8935326359213822
-0.6711466730202602
-0.36075050784765184
0.07611304144942288
-0.04788890466994378
0.40920937624189735
0.8717317306034591
0.5378694891569933
-0.7174165920169449
0.38494594458283826
-0.46313454109770147
0.2666456051633861
-0.011146499091227557
-0.912955862135457
-0.22964545017870597
0.4528007434249428
0.26637693810859187
0.5550696233240395
0.5783245982006613
-0.45790712023721936
0.5962016995968784
-0.3499659042342351
0.9259047405378702
-0.42756510188509855
-0.5570394639825742
-0.2284484148288004
-0.1576871381296261
-0.27641450743767626
0.933343801705421
-0.7173749921234651
-0.2721752238553439
0.601113934051122
0.7621280889936539
0.5975802542994288
0.21419190513294728
0.48847506106205785
-0.8848594149461118
-0.4170795992169851
-0.34880448429094146
0.27475148063952215
0.15865708068720874
0.15921109215287377
0.7920140477700532
-0.5902258542013441
0.11663360462334715
-0.6233122794967936
0.46244520905660735
-0.024315711512258975
-0.5320025312938892
0.2874178569318744
0.8506729235085637
-0.2171693652793194
-0.8644566020186355
-0.19986642111657105
-0.5161099031896463
0.6665875869545266
-0.6721305664997868
-0.5625674868280055
0.051983872655072094
-0.0475750470688272
0.5778134680414935
0.9391579160845285
-0.6112562180660133
-0.8824030371260472
0.8956239240389641
-0.7032277463873218
0.24195399445030796
0.8829309110641779
0.3726639586567302
0.3566392448893585
-0.25176199559927603
-0.00976886044845715
-0.8891185251924512
0.962287505206747
-0.9068683263735466
-0.5270851433375556
-0.7553492316341615
-0.1380331331730109
-0.4824066400399305
0.3050453011004297
-0.38302791325998253
-0.42121255770127286
-0.03669646660721693
0.12180709366092124
-0.07295627604742805
0.06093517451507724
0.07637354760386161
0.4417039683587882
0.26076608818605473
0.6774045029913589
-0.36356988228152964
-0.6483214487288156
0.5326003618588038
-0.5500209066082253
0.7221584244955306
-0.9737238632421339
-0.07354048003797642
0.7586612946684941
-0.05407461392445123
-0.6049703494463636
0.0098777590195267
-0.2889480811491958
0.3008929942552965
0.24916137258981097
-0.756217814826996
-0.24665276265429847
-0.0932949573958406
-0.06503674469421794
0.31754270276024243
-0.2779762560325598
0.008299402927113508
-0.8783510327372261
-0.43417452505640375
0.6492070156795653
-0.03359576331660463
0.9836576309045033
-0.9421989371318213
0.3568166383700273
0.38815783868700793
-0.7543123771353253
-0.9331980092151122
-0.43334000879974877
-0.4380296153953691
0.704758630823012
-0.25993454703858054
0.5397126680584603
-0.37704368306597
0.8918031064335445
0.9043464971216446
0.9865974790109528
-0.7753731329168501
0.4322500784547878
-0.0006271145544505252
0.5692840972923805
0.8303493296584263
-0.2024648078062361
0.4394430220762562
0.4809429080662948
0.47957385008869435
-0.728420086767918
0.06374826485569018
0.3267637766099307
0.7878052372643474
-0.35682715922874797
0.06569146626818645
-0.49401297160884594
-0.9907474802076934
-0.5849625823092244
-0.20312368851077656
0.2832718861999739
-0.21997699192404863
0.07916542339131372
-0.06550519404029087
-0.7585893360811449
0.41526462070100667
-0.9693278179622529
-0.16360934839929042
-0.8173528080949639
0.7065946523695747
0.6488244392404914
0.48685419807882413
-0.1000040353838707
-0.9934268691411181
-0.512958568940244
0.4108790009087131
-0.5498001545649984
-0.26819765895556413
0.41974164188311747
-0.05136683284281496
-0.25546103910113516
-0.32555916823335673
-0.15337919663334665
0.4908624816944651
-0.784504643627725
-0.6528283753415272
-0.07418113855707453
0.44141449610026395
0.4025469917857838
0.748591466904085
-0.5149393459986711
0.5653993643339814
0.823236696504142
0.1353791837006284
-0.5298525543341186
-0.4362713663185125
-0.1562400431497828
0.5587873491546054
-0.6355353732402493
-0.20724791487044536
-0.21184755552837675
-0.45234569969256233
0.5718068018753377
-0.4616442253842292
-0.2854607617289484
-0.23783106796644793
-0.6734162544484654
0.17626328490951293
-0.8664998788321521
-0.3501929592547559
-0.9648086396633615
-0.629616755666699
0.7084301003105384
-0.0658798266586853
0.5893888861358931
0.7868587098671003
0.1750282156902747
-0.9290257057326321
0.05992899178031941
-0.8731356718106356
0.36366838305283267
0.40161321740115463
-0.07397846981147582
0.19157624925717043
-0.5541110893112009
0.46366348193649287
-0.1516348802738805
-0.364929292995126
-0.9795259030706243
0.5499484284902945
-0.4321087361554752
-0.3778815528596633
-0.11415589745305299
0.49977943882608145
0.9578270792915848
0.8424519207501509
-0.26846797548489754
-0.1774302732702484
-0.9979381659315423
-0.8247789695751107
-0.9427239811758179
0.3551805377235171
0.6550018371724691
-0.5105221448541002
-0.8141830853444585
-0.3491562156774002
0.8190069644382745
0.5660712946856084
-0.4960320358843253
-0.9098375684834945
0.5972664286588758
-0.6097133955871881
-0.8230745275975284
0.2229997275462834
-0.5420035033633983
0.01218105826066207
-0.062027161101175565
0.04361867130653696
0.8297639191815538
-0.5358931420899675
-0.5786411129209301
0.5407801535680195
0.3242136349999978
0.9239348261014944
0.36471460968607605
-0.36559627609031864
0.29560296048181867
0.726502837134472
-0.022703542743497618
0.005459952573043214
0.023096483707542692
0.9698015249582337
0.2814278671871562
0.18538703694175673
-0.43000921415137894
-0.9813633501148318
0.5565104885887244
-0.3672739357135546
-0.18742748860038727
0.48815530846837074
-0.9638969271066675
-0.5698659153698129
-0.29859577366616863
-0.6914258886242801
-0.6598876584054985
-0.7506266992457369
0.6115714347096315
-0.5763100926468225
-0.024872679069250836
0.10678422735648674
-0.6991560426303822
0.019823782936727596
-0.25848965349716657
0.7784385354705949
0.6472645912241748
-0.6781409263079197
0.17244907934942022
0.42779135311433025
0.792072729584226
0.36167285622118284
0.7965081572513633
-0.16560306608903508
-0.27798873938749535
0.949986306693714
-0.36331600140211995
0.6635133608490884
-0.7985161340769831
0.016087356943960796
0.6663860871783518
-0.8102880370978269
-0.4887408204185846
-0.25305291532246565
-0.3394913613469166
-0.03656548500286849
-0.12764268031129555
-0.5030093234041937
0.7225133958669256
0.24450150030828866
0.03738740399623808
0.8631343502706059
0.7516002203305856
0.7033821203164394
0.3488233345538374
0.9827415675637665
-0.49696860224817785
-0.8907477245687394
-0.027645936089187195
-0.02329227910556675
-0.2274754813507034
-0.8457940092624976
-0.7443234646981112
0.7115074593489004
-0.08812749618652438
0.4634888969278328
-0.7994031997895665
-0.717462006708264
-0.47887189141840203
-0.9942240995604261
-0.09941220600383094
0.3345485972643494
0.07970229205664836
-0.29439514119016597
0.04050933806983403
0.9533858072386185
0.7304970011703369
-0.10483193976315208
0.5232904994133905
-0.3667841691223419
0.05134727649488591
0.46505542642911557
0.9429895648568292
-0.03689590566438916
0.26642457353415594
-0.6841579518844751
-0.46174202257599983
0.0015167548309085177
-0.4992891035095046
0.8915743782382481
0.6025454843196596
-0.6519910163772873
0.49655356169590004
-0.2809219289453
-0.33994688399475637
0.5530610230366095
0.10546807507597356
-0.9276290581498858
-0.44195129624931395
0.1706896113624614
0.8301617575803424
-0.8681395332928585
0.17087817256234628
0.1402268794271726
0.575677484851894
0.801870270964741
-0.26324950474066267
0.1791463004761602
-0.8241658551868163
0.8486254998126221
0.7956651855083487
-0.5503998776725751
0.6333504548590079
-0.06323880552318739
-0.4983864497558885
0.9647556243094924
0.9113595347445353
0.26659754922407997
-0.5372225599967879
-0.40937439770702566
-0.941870024802411
-0.45154747952395
-0.0075619501835499925
-0.9836012955388225
-0.4538454177408644
0.7839762477973697
-0.4137518514344123
-0.8117438169717852
-0.323996670066792
-0.8401684928033122
0.07559864673568084
0.8085775677911409
0.4583774117751407
-0.15548147299056225
0.6003731133301935
-0.9043696283562506
0.05967716889055108
0.9716024405203858
0.7690469083910321
-0.5600308368191769
-0.8958261548685718
0.028060774613630546
-0.7750997557834789
0.5025768365180396
0.6130551159090536
-0.8398994680446665
-0.9485701868570606
-0.9390979807081248
0.1556991199832276
-0.40924989880168905
0.9078343526292452
0.14593687537232514
0.6097354376066018
0.02093953270301041
0.71864539477688
0.7036445040631336
0.5058971214145953
0.497743825507976
-0.7881254501842858
-0.52765075148693
-0.8975867579560246
-0.5487760851009642
0.7606159746820964
-0.11533826040219086
-0.1714530799027738
-0.4461534851577116
0.013046506809487823
-0.9267282323409756
0.03334119089084053
-0.6678458216646073
0.377735107917887
-0.3016868053618813
0.563760230538664
-0.14417217847227048
0.38349278547519106
-0.3192414239912633
0.113379106860378
0.742990147207065
0.23511658077655095
0.7211043370148507
0.7934553709029957
0.5273159808785501
-0.5444769960133744
-0.595896456545653
0.3777986502618589
-0.47710482662424036
0.2674374947610678
0.15343363461910053
-0.4396336636997771
0.48445222943313837
-0.9995006745024786
-0.1642283788050234
-0.38646164949841033
-0.3095262215987349
0.05834174534154224
0.19269938589339342
-0.09471868380270143
-0.3269391682518892
-0.9341416583923476
-0.9716614890292434
0.7371673206770497
0.7511213520347297
-0.18892234422903353
-0.7521961763591478
-0.26234164729890397
0.3458642549099138
0.9563094418057956
-0.046455001417477604
0.9780841547277626
-0.5327619881839558
-0.6179548425463439
0.6018228457470332
0.8160158448375769
-0.7367825638446268
0.7782040575427751
-0.608406238121507
0.09920264090572672
-0.7426216644249051
-0.4457303245915911
-0.9952619517218109
-0.9284658529807168
0.9125683101605531
0.04156704666442579
-0.9831187475804124
0.18914067630242748
-0.01553814568427958
-0.189325089870791
0.8516154474538382
-0.9481365637390455
-0.3886108174504561
0.9562346481424342
-0.9037848429846496
-0.765034419953921
0.5319765299316339
0.36715767691509127
-0.8110700960191801
-0.04878155798177186
-0.6622345958927074
0.25172922710676815
-0.46458210268085764
-0.7772765151048397
-0.34797578541358964
0.40593034354508495
0.7485588065306783
-0.18671446695001848
0.6579758285441852
-0.934010536422544
0.8652782948778528
0.5229251415907274
-0.7350774275858383
0.8160231258319603
-0.6396258515479638
-0.5864301440232453
0.7303993390360555
-0.4672973094169546
0.31433068329302705
-0.16733626771630838
0.8092875220536655
-0.09623171847636769
-0.5337154138056404
-0.30572483122506666
0.5907494596295253
-0.7108713014953345
-0.4783536418479062
0.6999021852468239
-0.22953676809815837
0.7148470297491643
-0.3555890110954505
-0.6715079308662726
0.927175939837805
-0.015651073934635384
0.0832248617482314
0.23920700344704438
-0.5886456767684507
-0.854936272420054
-0.1509172111733732
-0.0009810202696702852
-0.9046740899555274
0.5332963971005613
-0.2669883980201688
0.6142489740513706
-0.026297902794332195
0.46523468162040826
-0.3945383464856689
-0.7515212740656847
-0.23474100547508758
-0.38606513133816245
-0.5982138137974795
-0.3772304514196687
-0.5632925174691645
-0.7429554104383147
-0.9371163258058397
0.18890511143135225
0.6849916685660755
0.06324652010766263
0.9050013813134847
-0.914371618804382
0.9056475348773438
-0.3383482017106947
0.9614046446146438
0.5487811217539025
-0.23798310022719527
-0.37715466244397877
0.20069726090114104
0.2424157385294663
-0.4540335786916887
0.586700826566342
-0.21870933568050832
-0.46568377398670346
0.7725637301149928
0.5403903616187127
0.0764836517739731
0.7732212788769504
-0.7825219702389967
-0.20353984491401933
-0.7650701496018231
0.30904871004966594
0.15958275570638625
-0.7501645354898345
-0.33442380521314075
-0.335112421086428
-0.521543267989824
-0.12032186959849334
0.7821178577439962
0.4471908323977152
0.5677233293984534
-0.4082558622877839
0.3439744710757613
-0.1306964952945613
0.08808024843966011
-0.715091205239224
-0.8402947491176764
0.16881832516397166
-0.3035687500779738
0.6942539150923741
0.08597590486662643
-0.02445952452982869
-0.8930399444816048
0.6939330781344157
-0.9491939034321293
-0.3875493515069728
0.610269293514559
-0.4855288968615632
-0.2479063502487664
-0.7110844528404421
0.13038597512980976
0.14794656000519257
0.13047862526518417
-0.6840027052070567
0.11811427446857259
0.7894670912579271
0.23704194040436333
0.31090818337063375
0.018000226003294095
-0.5667124468671867
0.8394436350879744
-0.6515728606361901
0.8966456017689954
0.3313020760151044
-0.530464153756137
-0.7190385063108318
-0.5852221542640343
-0.5364650349693467
