0.777142856093771
-0.11272207172875115
0.19861902440747636
-0.41673641902918446
0.38169965599441724
-0.44770079396383
-0.7804017255402282
0.6265143804336142
-0.9137457232189097
0.5557439128887469
-0.2587081230475836
0.172640184485215
-0.18789672464921336
-0.2844259170566441
-0.16418403989492303
0.8344243607883377
-0.46843246700614083
0.06144349194358156
0.8320494848365687
-0.8156023533954584
-0.8862828700988814
0.7120822821902482
0.14352745667656963
-0.30193798824501306
0.9543639413582778
-0.5730477080928065
0.6832392904557945
0.718644854188017
-0.3844388706923545
-0.4546268547905852
0.9254790897890341
0.27595192523018053
-0.20025334873668132
0.44195195488908334
0.32070238968089315
-0.48790174371256434
0.661094585057457
0.47684306051227
-0.26206931242859666
0.8363387071229345
-0.16389867044789108
0.12763825591608358
0.2470223304262662
-0.42738186449741056
-0.5285615690186449
-0.9765059124535496
-0.11835886460857203
-0.22427982054114226
-0.8704094211595295
0.410009552148491
0.6778634622150475
-0.41020425651595627
0.880839564988027
-0.8148784474861261
-0.7472070599648473
0.38425864071705185
-0.1482859132351475
0.3780029004379317
0.9038876557675026
0.3985204737320318
0.535114841178534
0.15999540652811284
0.8890263748592919
0.6221460683294286
-0.7278489083106896
-0.21903766264384705
0.14320504078010465
0.6582225953026217
0.6480022936040251
0.4895034023129967
0.13543088307441042
0.8950683571823768
-0.9149915011151641
0.686206957426652
-0.8030155986441598
0.16913226518627056
-0.16082567134603165
-0.5183591594631309
0.9543207664980327
0.02306534034193808
-0.02122690289454221
0.6937441923417951
0.09129174767412884
0.3885395413933934
-0.01896469119473254
0.12667043029946878
0.36465240622603146
0.11913211129795753
-0.7418329039956917
0.15503752238482482
-0.5709065370812816
-0.8405805591197026
0.13861691071021953
-0.3713717769199123
-0.5711594932252435
0.7731463889925108
0.8924159257806754
0.9780278303141574
0.8061061251690038
0.44275328391591673
-0.44819084073357107
-0.9695279824255278
-0.9386313809647842
0.9453488649270763
-0.8114908595823853
0.115531440296885
0.371912785179652
-0.04973127983159786
0.8026236859703437
-0.8191133681770149
-0.8168777544192087
0.8983495625060876
-0.3734587418278461
0.23364617099298224
0.5460938849187023
0.7811614017860764
0.531613278174921
-0.21215993746536732
0.048783120044876505
-0.8615911468982098
0.7651553933704602
-0.2932416111638312
-0.19027459854082096
0.8214420186691416
-0.7752694390637935
-0.56989860287903
-0.9045933409358877
0.314582503553952
0.22207613785792635
0.08634489300854886
-0.5355850854842528
-0.9284808059604108
-0.5913666518903393
0.11828575407970554
0.9574713880036385
-0.5699363760282634
-0.8792370386313331
0.5811609276621397
-0.529754608177837
0.7176959941080674
-0.1362628629377185
-0.6654289017668171
0.1290998906842491
0.35122990508751917
0.22668959018108348
-0.7628753282605496
-0.5858195895135991
-0.9984646948125748
0.12085570775344534
0.8504080350325118
0.36262713149753756
0.8688612178687976
-0.12143607665631961
-0.4940629026467258
-0.27924500507366856
-0.24551813820013724
-0.3683770724471849
0.22330446018440542
0.38695890002233124
0.35552428494680877
-0.060390379667323746
-0.2567016246641445
-0.3653265969334951
0.0838755191752032
0.810883893810022
-0.7793287714018069
0.12353015587577243
0.14721404485333744
0.7365553328423773
-0.763710247119068
-0.8865614038586056
0.7693143276558478
0.9930504066563706
0.11436376953442551
0.9999359653289126
0.5192937914918692
-0.5785135645784156
0.8809120193661766
0.3167075376111752
0.5534805785926777
0.24676660859931987
-0.15280729672669624
-0.515163802435386
-0.47639043582292695
-0.3497856765676546
0.4279264639162812
-0.42683016202580326
0.36208636065831046
-0.19574034838366972
0.6604069421230294
0.1691934655817322
0.42272022700674716
0.5255480869827096
-0.9122528695221082
0.21180871873900342
0.6509580417223444
-0.21861064433253974
-0.43914236234321313
-0.512321214965278
-0.8284185726166498
-0.9756191090911588
0.10927955447987969
0.536965361849735
0.8195188695300266
-0.8878252648982468
0.5271073181438908
-0.7964410903725718
-0.9474610392138012
-0.3013048609560518
0.5935981720642127
-0.5589634968776349
-0.6469467853583488
0.14717993052380152
0.7022024330189605
-0.12961107939386007
0.08807021521526837
-0.21302387959295688
0.12000364367332716
0.9887154201940525
-0.6172396290428894
0.21358431302543757
-0.9559572039716282
-0.600722876810571
0.41841313075945985
0.32887446345452886
0.12621436112607842
0.5554845278228666
0.7040784767521417
0.11393494946440264
-0.7758491141139152
-0.26226587582601324
0.6688959898589446
0.3019059804223261
0.2970845861469207
0.7474122720894005
-0.9931798299627115
0.76888354292034
0.5173208008135926
-0.13407444561028026
0.7115350014962183
-0.784916110533231
-0.2184636548177039
-0.5947758344749094
0.7013427622684376
0.5590685938153168
0.3465456151095254
0.07771299870860426
0.4825240131076911
-0.29489611907106106
0.7795677866956834
0.716876627291513
-0.28253200607173845
-0.6607436607851787
-0.989423959368763
0.28562956816198426
0.5524312805420251
0.48110014042629423
0.009138396228937307
0.6296656596665375
-0.0751433386544984
-0.0294435239920241
0.8246259317939195
-0.043166209530444366
0.9758352805762693
0.6541861045811821
-0.7597777236946723
-0.5685857669007337
0.4646023260341985
0.21207106840768608
0.36585779053534395
0.2985919424872079
0.6118797989159681
0.4660905480785793
0.6425309584548264
0.6210709417838292
0.9540254298634396
0.7678380628450023
-0.5731075198115199
0.7913886182678285
-0.09645405440260513
0.514126522300526
0.6361695108278789
-0.5363653368771475
-0.4267834697979085
0.8217604455379242
0.35880708577399023
-0.6965445596152202
0.06684505676156904
0.8865496471844336
-0.26000743934791837
0.22685142730167263
0.4067796491691422
-0.5413879528274199
0.2222984404940811
0.08785816467658059
-0.8407161539594732
-0.05473646512810593
0.5759414854001119
0.21919636010717714
0.013509907641412244
-0.16567496826033734
0.7261484769537931
-0.7292493005357708
-0.8863081263234776
-0.6532807094345086
0.4303428222705121
0.27723586923471766
0.6956726917116276
0.9046998732752805
-0.4287014524224362
-0.6408052412086342
-0.3759001758388103
-0.10822276191241809
-0.6253464699149127
-0.46850624016464737
-0.7766811393444111
0.3143762151850398
0.5579691291630788
0.2420462336958802
-0.4313390921095013
0.5240427741167051
0.4446544070848044
-0.6973447722118422
0.23674943880455235
0.9126866136978262
0.2186032450864146
-0.7409003927346629
0.929417650238844
0.1720536747907211
0.6694088428555061
-0.7316631552635093
0.9303106862602055
-0.3909212909587807
-0.6504807090084728
-0.6797324887246292
-0.6181697477001165
0.9741040224672903
0.0005756229304787475
0.2559660972261306
0.026315343310903128
-0.12431450098558283
0.7642103600025578
-0.15936512346373322
-0.8058386555857959
0.9311800144936955
-0.16683119741601615
-0.859237711057105
0.18869573763365421
-0.3390074396317
0.9529578671924459
0.8718784972682374
-0.6992870514796867
-0.8971249841212852
-0.22481306437924253
-0.06530092511021657
0.9889504746172935
-0.4572846653951159
0.34431512441396617
-0.5899705371524635
-0.4492125934756701
-0.6592854119552309
0.3509464793708492
0.6427525016092384
0.5908473982143154
0.8833557311527396
0.658580601321388
0.7292490120725166
0.6577557755989138
-0.7557648069191027
-0.3894770539225121
0.4194881610540975
0.9917604528609898
-0.8037152693846781
-0.49798458024763415
0.9084448990733192
0.033927656257393135
-0.0037676379323490217
-0.7011652841014415
0.21689216860691163
0.4940231082273887
0.03774460766421717
-0.19091636872708406
0.5965654131663465
0.9544120022603595
0.5663634672789981
-0.003262134584032683
0.6736899476033975
0.9998095633813904
0.8708835836840012
0.8099390338251644
-0.5600700242265209
0.4115331847135635
0.715671871209056
0.43862213861675814
0.05935751281112722
0.3056946827407643
-0.18275985144649853
-0.8456298215181937
-0.10262407550176356
-0.9957727483201442
-0.5829545960901457
-0.8741555869151876
0.45708582373051687
0.6674760859294224
0.5090119868083014
-0.07358259033514614
0.8827348242531619
0.04720680279542622
0.3258321166954956
-0.381476884378547
0.8099771433089535
-0.32670633629263257
0.8660301401172181
0.06014403710338989
-0.9987833855300061
0.9887626929908455
-0.0663821737761432
0.39187537985168275
0.47065502109733526
0.602042121425105
-0.8478039822890175
0.7039299544317501
0.6990721156179882
-0.9756990041177569
-0.9988931413387641
-0.015228953424283986
-0.02773487097202576
0.4859398436779663
0.048601048186599716
-0.3539056466099155
-0.5718196336308381
-0.5583899699433532
0.6515334731886604
-0.661302417622454
-0.7141484501448008
0.014424253075142612
0.6156915093715369
0.28395458394824846
-0.6839023560687529
0.9391988296653695
0.9861226478229979
0.21051548289227995
-0.18684247006137067
-0.4813900548418495
0.12379486595459088
-0.8796981894536611
0.5801847495024761
0.5651555993149513
-0.9002562467245028
-0.06514839159463959
-0.5064388031606986
0.38686527539739046
0.6932114875055877
0.7362944252847092
0.7832582751939907
-0.5849501971353348
-0.7734872643406012
-0.8625367851921664
-0.6161898823886518
-0.2375278489230146
-0.9670520689007658
0.36007609721402467
0.828442905610824
-0.3053171481293533
-0.628289601186927
0.30864409002209614
-0.2734156661967293
-0.7845311336990175
0.17678817153062942
0.98847675866952
0.9213256986164104
-0.5587308371935586
0.9494289399424751
0.27531528397538185
0.16705790310278923
0.3407005371044609
-0.4482076398954469
-0.20354215096912132
-0.08869252694781915
0.7820069893910739
-0.8901305667836596
0.9611524284236195
0.5830404636319764
-0.19494650693778937
-0.2020702090585882
0.11638727562741735
-0.8805386033882101
0.45898684194488126
-0.218877471442267
-0.9181490553490144
-0.07278001568680059
-0.9122561902555439
-0.5331198437533233
0.695164373983213
-0.3911295334791447
0.33841168378478637
0.6322426786795163
0.680494895984527
-0.19783304484027564
0.5748123896589283
-0.08073285498651206
-0.834010751254807
-0.2670448503380878
-0.7225033642864571
-0.7134401912637478
0.9413913523461543
-0.9355610268842143
0.46902188687179613
-0.6965552495415968
-0.672436437609373
-0.3567521276978316
0.7483684016100427
0.5175247607673543
0.6824314455611327
-0.09430399936360967
-0.5813657708140276
0.4410755712276546
-0.2849213367026846
-0.3387522329178676
-0.9804342869310703
0.8958602998759431
0.507214685625101
-0.6919281304588902
-0.962391573605013
0.048206891099115357
-0.5157801403128168
0.9507144678145703
0.8062294426184096
0.10847137329955414
0.292668984999525
-0.19448545051891575
0.9842884192753636
0.7252153981255574
-0.25342626053888573
-0.5999732191261873
-0.4034906620757299
-0.8014852130450754
0.7531426103391188
0.4076933130744811
0.9613652880972179
-0.9077431762816945
-0.9097764224847693
-0.9004116699985976
0.8805170855785915
-0.7519782721682429
0.11082524611799993
0.529647615191783
0.8987866430838154
0.1409183118694366
0.12319624973939103
-0.47746676927133347
-0.9828841220965145
0.8930486129609814
0.5643530133862211
0.005495101196947516
0.5817494128214822
0.7305800552568851
-0.35169357577189064
-0.7364045447093539
-0.6667367022625057
0.23179079214916554
-0.8189554093968869
0.9973865618271405
0.7567051370346856
0.8691052427687453
-0.10253612924764388
-0.6523529195133957
-0.07800603299068909
0.34427839916949
-0.05547443612245262
-0.7121362699778429
-0.8504174454736422
-0.5408647420746489
0.24050725248352034
0.35143188714420814
-0.6025164852792053
0.9739718334766647
0.24228133185458622
0.42999823344820953
0.40591038142015146
0.7223000491990579
-0.583569729166098
0.42743027938249734
0.1460772237510537
-0.14235182824715586
0.6415049129404067
-0.021725815016632843
-0.8048809322859025
0.9595892859795065
0.6086235349685514
-0.13335724116372738
0.013004080506317184
-0.5520628891458008
0.6666674093864966
-0.042907735465134156
0.8688378143642632
0.8212271378027274
0.7755544260443772
-0.2716041493633945
-0.10038011444125772
0.7570572526063768
0.8187709464128305
0.4295233323425034
0.04913211497543424
-0.12837076529657665
0.49934931076473
0.3458108106442954
0.7898615909454678
-0.6905138386216292
-0.4030715993120775
-0.019239372288540668
0.3872387522623737
0.4071566908351447
0.4422135827643783
-0.6758698163314647
-0.12308006449345621
0.9816434491942352
0.09617761130196456
-0.7428230629154475
0.12811000464756095
-0.18942957543507655
0.46402387027972747
-0.8226760405762144
-0.6388740343874932
0.15226320669171267
0.9449148715078475
0.8562858525498696
-0.04674285570958814
-0.32518841477429294
-0.31296539463657824
-0.5019282631154236
-0.045832246032012414
-0.8654647050423891
0.4583282954914809
-0.2796026298617531
0.36250380456504105
-0.43774683300184103
-0.38382507958417866
-0.8023904013095833
-0.2065074177937798
-0.7233125054484346
-0.0740999855848079
0.5146859864600897
0.27901786298143216
0.549243943254135
0.8429989575876644
-0.8755266462885336
0.004326633810077141
-0.27290996089545283
0.501756949891492
0.3590899649393564
0.1503720794934824
-0.878126861892937
-0.26002709585656714
0.26971903522041796
0.8797738843184404
0.591193946958366
-0.1676231649211788
0.19185192815970753
0.5739277924054953
-0.18643276492204341
-0.6699486944361741
-0.4849776210684613
-0.7516404230541767
-0.852439861296272
0.3531013601626318
-0.8181645308686001
0.04023046764455973
-0.46803066202056876
0.3352990467635282
-0.04902380900805614
-0.02384370815668646
0.44509876572570883
0.3518700623516766
-0.6350540040434716
-0.9280962512404578
0.3609315617755593
0.8012788028569862
-0.9236749378625282
0.6301497833182461
-0.26575873878476397
0.29529327487725743
0.7760626872778826
0.6291233525636057
-0.3166764645042148
0.3794797156996017
0.8218047483434483
-0.13778781768244075
0.6609296064082084
-0.07810660876742848
-0.29235063421921703
0.40509755251737145
-0.2024853646382252
-0.4009314291759094
0.8400610372719672
-0.09781510258054515
-0.0947492822735172
-0.5441058969214962
0.6912274510911378
-0.20117846143763973
-0.0250058072053414
-0.9156393067654438
0.976014095683952
0.869973789518049
-0.5677329232118296
-0.7825820043592553
-0.5108078937121578
-0.03948038055553704
-0.4569225835473887
-0.8429340293112508
0.5006615694164491
0.7655295546129359
-0.042880582371297216
0.9504684079752477
-0.9415145243257133
0.7134890643066614
0.529288117612428
-0.6714048942953372
-0.9502452602954583
0.7930837028338735
0.5987694840986513
0.3188002988708565
-0.03527039807980614
0.9608230917674954
-0.26132869465927966
-0.7851230854297504
0.07830373269584356
-0.4670016925949696
-0.7602151597227795
-0.3509024327956376
0.9195906492080304
-0.41457737721542687
0.2759658863998178
0.49720205892754255
0.6095094730433765
0.8347183598553234
0.6460732701319607
-0.9388292654085291
0.8901134480490649
-0.4539241858529497
0.36989694244795057
0.6485123560337374
-0.4476718614606052
0.8906003248428491
-0.2730106076145056
0.545674578479038
-0.10670282604749648
-0.6877962648951121
0.5506213409602445
-0.1334487914804816
-0.7126060454704621
0.8582850041515386
0.5963426469048527
-0.9420515370276843
0.37733932291556727
-0.7585597002490752
0.0830632924421435
-0.3971601276290948
-0.9844650770001184
-0.1421652092013872
0.6231322778736916
-0.08162272341845211
-0.3297968277365584
0.5257694538199988
-0.5041899160904544
0.3694200186636718
0.32197197320602333
0.2559857620054813
-0.10322136836537821
-0.6547341007595331
-0.16600762390463686
-0.4398207359170203
0.4262017744587552
0.17886644516354977
-0.03945960930678005
-0.8728287785912934
-0.46904971218919744
-0.6845327892193822
0.8513060669525458
0.3541735213783386
-0.9911913038538751
0.042782071224071405
0.6472657155141541
-0.6339991374541132
-0.8488000239292202
0.23676531700597137
-0.6864088384861815
-0.9911405790077845
-0.7712355010184346
0.3526055495892879
-0.4061988081003336
-0.6578580282315367
0.9399389397468534
0.3635600952813842
0.06852819395927945
-0.3084611075309436
-0.007358291930386063
0.5740925439604365
-0.3196661981093163
0.47656473947660416
-0.6124673793078967
-0.9678752687756469
-0.28738138233897015
-0.4451322588791653
-0.8121161732960469
0.7743762945505317
0.4134514373920406
0.7325160595142854
0.4820012867969079
0.1430336600392148
-0.8286134623150936
0.5095534544632061
0.8889267378903631
-0.3698048583923832
-0.723629106034851
-0.45160449742499686
-0.0903714696373008
-0.935269523145327
0.461982226979738
0.9055019979310694
0.2810710684357858
0.6472569293885568
0.42284996490508275
0.43658804324746514
0.8427488129026615
0.3429185381052653
0.3958297631634351
-0.8094606959912767
-0.5024722710446818
0.7552449041963012
0.8506033455257995
0.5467537452736013
0.6358278523068481
0.04961470255004796
-0.5126792303335019
0.978053667679307
0.13602302298530233
0.3408425346280959
-0.5610298124468702
0.559169031236352
-0.018458493239391416
0.3194274694397423
0.9227519449042312
0.27296514093604474
-0.31586752127305706
0.34710099619807266
0.23409888407889223
-0.9879728136276116
0.8557535939097396
-0.6882573455528678
-0.9956098912060365
-0.2710247777528356
-0.5440891880487531
-0.01034911704489172
-0.5525903837388491
-0.07503756759652136
0.23125673253983736
-0.7262186493855385
0.5669225054134328
-0.08402149630983624
-0.16780163306049012
-0.7916415776233721
0.6262379199391113
0.3784413664358275
0.10633219063263377
-0.055998901432471104
0.5290585820894429
-0.5234726141873067
-0.7415128753355757
0.618209269955222
0.9092900573416554
0.817222704658167
0.21728508227038512
-0.4704088216072497
-0.5731955646615825
-0.2913022967359642
-0.5952706135295021
0.49538677679419907
-0.827079733300113
-0.2238138724408114
0.5768130082963627
0.9698924582121142
-0.906619308389494
-0.4934613128150085
-0.2844167348462494
-0.7433575971556561
-0.0483359549345419
0.745759393359354
0.4861997532463147
0.07240098045215815
0.42947226163353447
-0.3475929105257549
-0.5584111767808606
0.6565900673061096
-0.972962423827211
0.7546145188294222
0.13303512720438215
0.23818147936258516
0.9466011448279361
0.5558055160692641
-0.38415563079140913
0.2111268849436243
0.23649271884933354
-0.026489499114434878
0.9319647125686727
0.21951244257803681
-0.9213143602874236
-0.05596559655444233
-0.7520980283921275
0.4058363761425636
0.2299841666415916
0.019167095726030592
-0.24975515578376095
-0.14321262033939997
-0.6102046679086937
-0.14078137392429602
-0.26079505197938735
-0.9396175201811743
0.02662406887003632
-0.6116579147338448
-0.31739444352667245
0.08415022658935145
0.754460784093756
-0.2583189918250053
0.4776338679657508
0.4225474951349182
-0.8276116769885253
0.1976073908473075
0.46417865850482354
0.07942306454448778
-0.3990708415636819
0.011929983300760671
-0.7292684305650852
0.6457703268455401
0.1430133266334268
-0.9175851235582795
-0.48827239471509154
0.8322780312720353
-0.2643671820643574
0.7306294098927424
-0.4978376972284413
-0.05094126039972924
-0.4964587833137535
-0.1625535730196419
-0.2514462939048383
0.6540283361576718
0.32520800277173434
0.905062710605419
-0.44004800292909874
-0.3566621874510809
-0.13440821400679326
-0.8297348847459034
0.5709050753235614
-0.09802540693703232
0.0793008285401835
-0.9018712418947152
0.5250193136757964
-0.6871739674175275
0.29215996912529985
0.18677453599156157
-0.3197204072486519
-0.22123463993191095
-0.4625495350809632
-0.6938187805710352
0.7553523175290779
0.8773874224106217
0.8019555327903936
-0.7624999703059361
0.42935501103155005
-0.5415371743686768
-0.8570586624708518
0.008783459603267207
0.24641864100857003
0.39339331982751125
-0.8632923108098565
0.6610822030069552
-0.233808157456318
-0.5669378423012108
-0.305338558585837
-0.9950004339702332
0.28936249416538695
-0.738247736257021
0.13913719456460516
-0.34306937350912037
-0.4122219506729259
-0.35688284895492517
-0.9196806458675519
-0.752188395482746
0.6265263472539999
-0.8785461269021693
-0.43189146197498296
0.06486926598571774
-0.26107630852755603
0.1556617096473314
0.6762795266471233
0.12491482023271683
0.5625565106498134
0.25399287793577896
0.7198385944131922
0.04636745883321369
-0.8218617603249689
-0.39738754116700825
0.451620365004612
0.5960504124626884
0.1412517509316067
-0.3131835428021894
0.009582474026186283
-0.5302052628152589
0.7639767176097987
0.15305318542139856
0.4945213875630112
0.7725174610358203
-0.914481863869586
-0.02349768504651495
0.31735255932525464
0.73038519473491
0.11078909424130856
0.498717298874094
0.49353769871645214
-0.10174881335636421
-0.36869470976590035
-0.49743964869381596
-0.26588926298065774
-0.8960367845938091
-0.9565150048674722
0.017783085862919545
0.19623703424904804
-0.28891805488722744
0.4413353719412507
-0.2265551791130429
-0.7601091763322962
0.2640069947365995
0.11391442359855342
0.32906561415277746
-0.21727723867344606
-0.7668744158812455
-0.8545173114956857
-0.10140272580197918
-0.09483510410241625
0.8970999600441432
-0.9094878149734669
0.6880991728136983
-0.058070431184921834
0.7414149919609696
-0.019908428770805564
0.3228172162660199
-0.8403014264914286
-0.6893564407236279
0.7080411395912991
-0.5538206405450739
-0.8071264259239679
0.7947448640541728
0.42163598667918256
-0.9726634408768184
-0.8968381335478126
0.6716621496220139
0.33855009025108185
0.27925196155768806
0.492285862501586
0.33945490336903816
0.8662416667707378
-0.7994283550996002
0.657845026847141
-0.18677573693263305
0.6425091559973892
-0.1982388059443405
0.5896963452425101
0.18885385241353525
-0.967536932509109
0.8730318334457445
-0.1396224305581577
-0.5375768849956075
0.1297310441063364
0.23805343625892572
0.560567735726623
0.6191747391200235
-0.39827974433649294
-0.1412198287986275
0.9603204215506933
0.9285760277478903
-0.11507100732988507
0.6843074174767909
-0.6612766385608309
0.049375148795430146
0.02298967079886438
0.33244872701712724
-0.8994368389466958
-0.6553915149043115
-0.9884492643105856
-0.413213609884727
0.6681520252598192
-0.43527489863531876
0.997390291747771
-0.13824781161578237
-0.25337488559467314
0.19335191903888882
-0.6678487495978764
0.5537066601424203
-0.28177025382567455
0.10382562507625082
-0.5329106881650927
-0.05226278464201206
-0.6568339600620048
0.7254326643613815
0.4645016834991238
-0.6966119680748393
0.3916031868203014
0.24343903555596658
0.2286255763789562
-0.10320629347473576
-0.5778928062619793
-0.2515455121566843
-0.7666143591868955
0.15084857609466917
-0.30711851113825395
0.2796105751060298
0.09893873485270133
-0.19545450961676325
0.4223433734786317
0.6989075132324647
-0.7431448585101208
0.36896143158587913
-0.5008701855460855
0.06209888349582915
-0.9066050636642724
0.5147399523922429
-0.09740651617643481
0.04125818039052831
-0.090835358508365
0.48122222885179955
-0.7204279206866229
0.9233743100591059
0.9184021100363275
-0.3139920965980485
0.783028162039149
-0.5331737739172997
0.9622634755568109
-0.4913291705650007
-0.0741631041100228
-0.5547615305786824
-0.8820603222287029
0.4903304589929425
-0.8111783640760755
0.27782029572609757
0.89279740452448
0.2958784330998947
0.3544846752278361
-0.9746862068535802
0.39708540610817433
-0.0005564971638505334
-0.5631766544348373
-0.4612075341584214
0.6874970406099865
0.005916974410786757
0.6588783820604855
-0.5216797877688273
0.056559101788142385
-0.8870322575488885
-0.7794438590685329
-0.07241320287165243
0.2760630331264089
-0.4702819612848361
0.5170618444593869
-0.17615636269596457
-0.0936445290119372
-0.8671488517482877
-0.39752232885818994
0.6087681360682096
0.757358759656146
-0.6304049069819331
-0.6849860230573359
0.30013582828734053
0.02487109370423468
0.6037354551502148
0.833293161396496
-0.39612213190057055
-0.4069333667675301
-0.5033840646150614
0.45202817997598954
-0.7485433770495526
-0.38132219579056326
-0.23280583519921105
-0.8318597924688524
-0.5989432646123869
-0.11012053987332715
0.6308894529729132
0.7063392730453586
-0.08125775498678012
-0.5604261641745945
0.11722477437738377
-0.7331578834032655
0.31745318218539875
0.991196842039177
-0.855635318121343
0.8869860645416447
0.7895934332041477
0.42452082502899957
-0.2607990053045097
-0.8468852106722249
0.524749755666956
0.9565964344292266
-0.9756882868225953
0.3774476587199258
-0.3954991519734219
0.1857905820881185
0.815409685402412
-0.5333548923488394
0.7777200352293487
0.3328087240793147
-0.3885889416775892
0.6920025651283606
-0.29611843367951396
-0.22963304756608682
-0.66015153602625
0.4871501026108871
0.12068019136796071
-0.3441076668321861
-0.6568220109653202
-0.21138641942363812
0.4167804714250467
-0.7833897640703467
0.6489955288074278
0.7646635804053714
0.31104996015581277
-0.5561437750431875
0.03136416103094808
0.10135906455738697
0.3057025930327111
0.9539053084302775
0.254340688424437
0.386331284856662
0.09509345744457942
-0.6203369936309486
0.248411455727525
-0.7941772070048865
-0.5200834241680692
0.13095318467366202
-0.4210337899258354
0.7154849860016399
0.006565583289610544
-0.5171934851334501
-0.351570341773884
-0.4622492625746948
0.4551502305294761
0.7920152092619528
0.40482090327759
-0.18181972436460292
-0.749734517033577
0.2475548838500199
-0.3218109618726581
-0.9534955609373164
-0.012154951144808468
-0.5138433034425356
0.8981759773905829
0.25692717075118177
-0.9111119879993606
-0.19716576216250026
0.5202708076396814
-0.8071370231647674
-0.9159353537843717
-0.3762711728789343
-0.9869133095996174
-0.4149578716793876
-0.5142253681070494
-0.9744062142767334
-0.6212654237609843
0.021354404133608895
-0.16998792088466752
-0.07383753717498864
0.5414013656037366
-0.10841274020604263
0.7720600451163047
-0.21816910941413248
-0.30170796959658785
-0.64989218281828
0.36615608824246904
-0.4000231069638036
-0.6341889908162925
-0.36233763194075186
-0.8581584283294941
0.715420828125481
0.8509634506502648
0.9993675783630271
-0.1453950409246696
0.4396866996765487
-0.9936033511809952
0.6547695605757844
-0.4931580452033604
-0.962013945701953
0.40611826814707275
-0.9074532240060935
0.20688332204840787
-0.032228076018588236
0.8613592686192195
-0.18336097300247944
-0.5010437881784031
0.5920905890712933
0.4829375055937861
0.1360323826646872
-0.7187366967613111
0.13123374528940168
-0.09640493301396313
0.6502819917847553
-0.4567464488461357
-0.9642462946428871
0.6263897049770359
0.9427830962950194
0.9976832043826618
-0.670978252734753
-0.5595864237036103
0.8641107815349609
-0.6544412902658219
-0.12932898517512115
-0.6702116023418956
-0.3862279756030005
-0.3359881385702357
-0.9647997609553713
0.2994833197245601
-0.24392760131750846
0.7059344550586863
0.08945436656438854
0.14370786106188627
0.11143430493140816
0.43197447668007927
0.4249533385139008
0.4591663195070623
0.21856227656648342
0.6295140745109156
-0.04389709631473426
-0.46694538286560405
0.4543081422944937
0.6342001782950981
0.9418222438938559
-0.10675209456559642
0.4554970899643762
0.3978257363043247
-0.5153844184992833
-0.9731167399888285
0.012181376896719165
-0.43266656274624626
-0.09143923951601884
0.6178046020384134
-0.9994901927840445
0.9302682689356163
0.8634891048036026
-0.014237304087608482
-0.6282431067408125
-0.8219950932894373
0.7577884971351652
0.2898965271690299
0.2539786408278597
-0.46340688743682
-0.5486293488908824
-0.19453120117399836
0.214604680487112
-0.5716541074284716
0.4871458590827742
-0.7226949932524387
-0.2909191077152826
0.16038835070977164
-0.7175536242524401
0.20339279065309812
0.15395047734549205
-0.4927096636772572
-0.3578676282840343
0.19321266434997453
-0.7657582936671279
-0.21524478698534733
0.07736338517796248
0.5193866443711892
0.36062300916880163
0.500108665344035
0.7880856423942384
0.3880045591119985
0.238590130246227
0.667777894886795
-0.09746072928799876
0.017410863933371434
0.14545842557720245
-0.7589464701730839
-0.186502469386439
0.35951491366295674
-0.4747466069765083
0.6379796569036857
-0.5637014599246952
0.43460217468757945
-0.32823824042670413
-0.5452247161224086
0.8705567638115905
0.9435772797296011
0.9688286090279599
-0.5870683016904912
-0.9284675690435793
0.06433444592797688
-0.5126753887841082
-0.26860618478992393
-0.024957424989497934
-0.8464742473955078
-0.6557403690316366
-0.5475003300076078
0.2931361321745092
0.5629619012267768
0.7507011975421061
0.8652268499553157
-0.4162238461527896
-0.005087940399122193
-0.5419423762292768
-0.3405558388318708
-0.3278494842245565
0.8694502128376915
-0.4332141724379337
0.9781286448750013
-0.9244582199753935
-0.642406792468944
0.7688118620133131
-0.5349949957040847
-0.07940772195327694
0.7067107876633121
0.28817193775290173
0.8639250476644871
-0.835111860559135
-0.7200246566796267
-0.26657898151798065
-0.07407743646322684
0.6661520393562461
0.4820607592650008
0.435876711258782
0.49219383714571396
0.8059178899066493
-0.4574571012763493
0.48044259401171585
0.9494587715818112
0.762421519285573
0.3417558022766616
-0.33527062195588764
0.9180345048074292
-0.8561368779395462
-0.27813638852968925
-0.47864379301874793
-0.63064664152818
-0.4620976878598744
-0.333643706488417
0.9101991189516845
0.24740124217388715
-0.059072793963343084
-0.7837993054818537
0.7600692883901963
-0.9256898664907465
-0.5987941750932104
0.6246901524761013
0.5902928402823884
0.7427699425403964
-0.030583960430849544
-0.7822351445386682
-0.9749093022268474
-0.9700745977478298
0.2079470952577327
0.8175712035454739
-0.7890017541530066
0.2778009715568017
-0.7772754987623753
-0.10701002418564665
0.8082555690071036
-0.4818517461915244
0.5022890093303243
0.4336906639887821
0.11999672525554628
-0.22393694573168554
0.8169871315126809
-0.9157963726853189
-0.28056399633942464
-0.2340560933687268
-0.5621961710764927
-0.21094387499327638
0.8638279576218957
-0.014176214762585015
0.334080655559184
0.5595266230435372
0.9112028572714364
-0.7435264707560676
-0.6724140686538682
0.604154608712014
-0.6054148190170707
-0.6334200900142872
-0.4874769261424601
0.4828748622431518
-0.03972253551096827
0.40889419183816544
-0.38179935774996077
-0.20497910996790258
-0.8481292754117851
-0.745645243835253
0.41524903026919757
0.45202569036965823
0.8976833868664027
0.9434629449383491
0.59161946356314
-0.6183064418734681
-0.1399733171273838
