0.19612167287126692
-0.06768435268834727
0.5229708881032824
0.49055611047674264
-0.5739294399549943
0.10106130809139557
0.8950272963926209
0.10256773635928207
-0.8379534118491216
0.4097746771280977
-0.3386311073033941
-0.06785882784620778
-0.91950846021961
-0.4158195163076761
0.08079749272610437
0.48430082908558614
0.07327854219108065
-0.8270768912105337
0.9412683049612829
0.24481152270493967
0.4673403341595517
-0.6909300112338581
-0.3307412309351454
0.7516925393897811
0.9445347276856979
-0.8053588414567541
-0.22869585018666472
0.3693366052096163
-0.7986981309981651
0.48821663546604865
0.4253028209105527
-0.10472848762621156
0.24283250132784984
0.2627511200153205
0.005232747852796482
-0.7491216969196302
0.815080135699239
-0.13108031459392455
-0.15248866353732993
0.3056020178013674
0.678588589792315
-0.8682205706569648
0.5379845453187984
0.06491318310445582
0.10891779425586412
0.9499537354078176
-0.37328477946801675
0.22634152326537826
0.11685863067207913
0.10541186870544061
0.7173109940622653
0.9114724480497127
0.9082660848485649
-0.6310767700999858
0.547591907733382
-0.9099152634999288
-0.49813907154969606
-0.4575086309037011
0.9000970305971303
-0.6432655913491843
0.35405212737296354
-0.6451070239835954
-0.528409858129983
0.27636759773546293
-0.19131572913675443
-0.2023053596087907
0.1378227558660705
0.6606902637255203
-0.4333199501159668
-0.33323309963121295
-0.8277448178759843
-0.8433190944472582
-0.8593563133907818
-0.17001889432426154
-0.7151261950048822
-0.17482175706103664
0.70129658706683
0.6200109469056958
-0.4590166469756167
0.4078263810108873
-0.6733691165258007
0.21096459721789218
-0.5009689905577468
-0.6074219053819236
0.7324573216648838
0.17366930345257803
-0.03704236096376867
-0.23138421696442046
0.08265026095156891
0.5116609777406387
-0.3898140423016683
0.8194557649144381
0.018705658289018157
0.13194766847606143
0.12655902990256962
-0.24060161898378007
0.37860371239417345
0.9736624530809528
-0.08615428454397689
0.15490610755255751
-0.02653572414416283
0.07679481427769907
0.7581804778556145
0.5869666859214413
-0.9983927151418164
0.26444632282279645
0.8356236002350061
-0.5159871409302825
-0.6883668591704768
0.32760247718284496
0.4919758363536215
-0.1876171686328778
0.3595923258358198
-0.07119356382452224
0.1437144684657814
-0.35991299997796267
-0.1627988961050355
0.7953338454149348
0.3795580851651361
-0.47802870086087523
-0.613713172928259
-0.6617020796336761
0.12022081500559922
-0.13240914011824234
0.3069353350897699
-0.19143640570039233
-0.8244555917474048
-0.031004303161830116
-0.024204690190434253
-0.9686124570285952
0.24071615861026752
0.3724346422081579
0.12890230968989602
0.600716921926248
0.9678980046091534
-0.08545599945809901
0.3903632673193185
-0.47295135215741846
-0.6961841444429124
0.0979855323712493
0.5985339261359885
-0.05704325540639532
-0.14308221801919085
0.4061309732202938
-0.3033997562124786
0.43536485322280427
0.9439994157555303
-0.15534061284442657
-0.30466777403176115
0.05951397315692475
-0.3321381066031437
-0.08791191630503237
0.3521490771814988
0.710922997309205
0.28500540035852717
-0.28553882914984685
0.8654143252116162
0.8078919236789979
-0.49805705606262096
-0.7678766950628928
-0.7757347644498025
-0.032509990606719
-0.04787605031162823
-0.3654886639548507
-0.44414817682341434
0.46619806933103103
-0.09830108296217865
-0.38374434527655055
0.20208791108385338
-0.4067505637171922
0.013675534378804866
-0.9270578151230349
-0.21810437280824102
0.272568364269008
0.21056562216325814
-0.1839071280428355
0.05285848781052005
-0.056842756994523125
-0.5209065861113373
-0.20427491099791828
0.8793835706703321
-0.2465948394183597
-0.7909586837819083
-0.0475044105589304
-0.7433364895999426
-0.664219889561986
0.9546380362092441
-0.8012324720264301
0.9510633336552576
-0.9715072921447345
-0.06867423000634654
0.26412038137765137
-0.4476748899042624
0.6591390247902109
-0.017406271325469458
0.201714885690913
-0.5730671467113049
-0.0434737364768627
0.09278714536563326
0.9404255281390013
-0.8320384229919755
-0.2974262388379527
0.7768457988109052
-0.5303600011727512
0.7139035200875306
0.6345026636442244
0.8607853660077609
0.3953485447032805
0.764656743407127
-0.5653106703485449
0.7635325766131
-0.216409734103145
0.4618825640295454
-0.08380973241925549
-0.7045894479880848
-0.01595300918817566
-0.6438784906985364
-0.7138404272059011
-0.3153316074563217
-0.525334259296538
0.8475238545321258
0.734768521762843
0.2779862897903258
-0.09970720624067964
-0.2606050114310179
-0.8447482031407967
-0.8910473916091641
0.4907886386040645
0.7415912940981157
-0.650339527104348
-0.5047012202497796
0.04163648777161422
-0.17167910262422437
-0.0678545669078745
-0.7570158206464184
-0.0006578182708993907
0.06813580227819704
0.9305963748865587
-0.14895378623274347
-0.33429845675050984
-0.8087459478421586
0.08906993604991209
0.25813827876869944
-0.08632429749161297
-0.22218694842358744
-0.8749678180650164
-0.4018541626926728
-0.5618872931551393
0.4903705289287035
-0.6107693350745316
0.8568001201192121
0.5954584084229206
0.7421345971913706
0.3503794169561463
-0.720041428667896
0.07132538644187703
-0.5187929729122476
0.7965166591833759
0.5828221296267131
0.7484762444501389
-0.48884983779786806
-0.15802589049839177
-0.22492113744614306
-0.6987699587238541
-0.7607233110020162
0.39781021985308795
0.6913786412897087
0.7851990374145013
-0.7060957448399199
0.22024800224239627
-0.8752248196850245
0.7817245093705547
-0.5647900162984598
0.05525141493191699
-0.33717112874274235
-0.12474943636299729
0.06793260477464091
-0.4495743824863063
0.6604004751095482
-0.17718734848027928
0.6571339996275989
-0.23054603999090384
-0.42880083235432087
-0.2936041035725543
0.7021085767555673
-0.2762284664592678
-0.39119337076878047
0.03187138511018084
-0.050993402294802426
-0.7926684458655493
0.020496544422186957
0.5664772056516298
0.9199140973946025
0.9843191178232757
0.9366829924939131
-0.9225995428722467
0.6335889308994815
-0.0613700962517032
-0.0035527800994530345
0.2522027238148099
-0.9470816005685956
0.5855751312990485
-0.1000420841194698
-0.17974951490310342
0.7003323700631507
0.44462735222307703
0.4534082206045449
0.88925137625142
-0.8662893430978875
0.6653440681266649
0.027951376430629615
-0.837354257187469
-0.8305000505161266
-0.33689919528467493
-0.5865130226001831
-0.7348966063548827
-0.5384433754719731
-0.9245519633293102
-0.5749644839869714
-0.29136183184514675
0.3490668705060247
0.5481555784031271
0.5668374832798126
-0.13044969152579444
-0.84311061887969
0.6084720797362508
0.9419798790597227
0.7113339742904503
0.495982515703449
0.06459079419747393
-0.8519610744281318
-0.23029452573742049
0.8462671217222373
0.8678803705448428
-0.7344294090976455
0.5369847556702516
-0.8525264235993686
-0.4852778369604196
0.07613048384248566
-0.9013810704972349
-0.10312231576157505
0.7899829118246116
0.6773896272895015
-0.7328656392315849
0.39782395689638284
-0.6126038701689804
-0.11513487198185324
0.12351012279066076
0.2726561408233077
-0.8615920566600637
-0.7982132247353633
0.5179830416949098
0.4390024104461294
-0.8368213839380809
-0.9051797579035461
-0.5504578835213807
-0.2980794356028773
-0.7161431623853276
0.006379976225747264
-0.754815445634569
-0.3838959899842851
0.7929475339970993
-0.09280295456665932
0.7330559762541791
0.5219954071989688
0.9673894995599079
-0.18714442164945355
-0.6461077206154449
0.4879651726861205
0.1382157024126438
-0.39022324897879956
0.41304765623638406
-0.1314462229567197
0.7126161400763449
-0.10234890823907117
0.3907637854265307
-0.13139385789550984
0.5954885006587536
-0.5970113640805201
0.19917911587659098
-0.6247090775991007
-0.39546833614545607
0.5623187910944067
0.029590275736080862
0.003136379735862782
-0.037556085245415094
-0.28041424451966224
0.8596894153785808
-0.14541594941885005
-0.045317239041747115
0.03949500868848954
-0.501148331919131
-0.5174885646624121
-0.6913300134011289
0.7918237771603964
-0.8645847348576141
-0.06883902198908531
0.7352326070368593
0.8740421766789925
0.9664362848619694
0.4381064710743665
-0.6189057594009428
-0.6704449949100955
-0.5678226847897165
0.9649684538364522
0.48609526655151214
-0.29638183878428803
0.19628874666963236
-0.4426948490768452
0.944026307377984
-0.21521084612317942
-0.8573711513509452
-0.636336679972477
0.3329879684617696
-0.05251310200368886
-0.3326393178242224
0.10265123813325383
-0.5101655120258584
0.4678390635030554
0.8514752742556215
-0.6007169439408697
0.33485166766095364
0.14380770618774052
-0.894998582581938
-0.7864467525049221
0.6856996407721709
0.8541330534651692
0.6024617050253522
-0.5315383083244991
-0.60301335788954
0.2476823757835085
-0.6763622888387171
0.36201325590303446
-0.9830896382978502
-0.5809214206458222
-0.015936168623846836
0.04962416023548499
-0.34720919262510197
0.762784237673094
0.1407147632236998
0.9519821873342678
0.27600878960302344
0.25293188641646314
0.4060718620156307
-0.7813468091959024
-0.7397921596877901
-0.7169827022645658
-0.09035143596613304
-0.742606098248749
0.5534190611925167
-0.2718499432660515
-0.9846780068077843
-0.039961365271892646
0.08132649502532852
-0.707720560159403
0.813973549093042
0.02388663960965154
-0.10426581950123026
0.8093155987898348
-0.915378823982596
-0.5566640236032869
0.8608441276761174
-0.22203720715209307
-0.3280856650852946
0.27391830841470455
0.8693136304446099
0.8452441151145784
0.1561620902591896
0.6651953168563924
0.7127745898131681
0.44723956967799783
-0.5595355946258351
0.8861482025690797
0.69622240681697
0.9153903104373402
0.3365363810168396
-0.5488264262373477
-0.9837108801322048
-0.38058520496044945
0.29913295121331407
-0.46339902857372106
0.9241314711638484
-0.3351088251998706
0.9606065249821696
-0.7116366847941604
0.08557010955200361
0.5134392946487596
-0.35592868359300267
0.7081953923356075
-0.06822409701682242
-0.6357196199874524
-0.5865818746088971
-0.09437414671034405
0.7746504704601964
-0.13896044325658208
-0.1400621651726781
-0.882366865590809
-0.8830036277722053
-0.050474360921323846
0.6989936112740405
-0.08915421876366425
-0.5693159264808729
0.6434667554708158
-0.7476470852115122
-0.10428371830995076
-0.3697250741062863
-0.9522814392229066
-0.4131633714423675
0.0811666226090999
0.5439581579653576
-0.7371589454208878
-0.17873530160773754
-0.9434691615694919
0.9117377127861581
0.35264960759566355
0.5458019068349573
0.6643527104992493
-0.907734255626524
0.2614760312801585
-0.16339436743494629
-0.4833766090606013
-0.45559761422254974
0.5017032752860482
-0.07253402889372662
-0.8034367197269878
0.3393979020222444
0.5324932603512975
-0.6107469804729271
0.5857674073366614
-0.6363908599495849
-0.7655738738885178
-0.5978914277333156
0.9463402687737688
0.29328161683207155
-0.2554830607480345
-0.052230343813447266
-0.9443229539893876
-0.17640631120736705
0.8225405485279249
-0.715007469542055
-0.9197465621912784
0.5288067222171917
-0.8246432874411278
-0.7582919483116122
0.31755873743160556
0.9533568698434518
-0.9277836174160536
0.5480285624616466
-0.5655041973002648
0.8313435760810539
-0.47664628804180564
-0.1503786507115521
-0.1276088604841079
0.9843531754187698
-0.8381772976437376
-0.11053799756513571
-0.38679110009087037
0.7140663290424376
0.973102401026471
0.3053978112016087
-0.5119681784984622
-0.9229406555893305
0.8797821821705285
0.7288777375846998
0.6281432193547247
-0.5637632684217677
0.028135199939749
-0.6144307492606802
0.029314882652818675
0.4132927932205477
0.25454332468705054
-0.8209909171043943
0.04590568598421374
0.053130735654343564
0.45209595758522525
-0.6141027875384801
-0.0802030617028926
0.3613090430131711
0.079345275819521
0.18934398190649526
-0.4204918884030797
-0.8877423892812755
0.5990996596307858
-0.7956550905018496
-0.7703398020481957
-0.0715524481605101
0.06078181066328536
-0.016544728439741085
-0.07353114083391477
-0.4064199354265092
0.3892382650534265
-0.9868742749828909
-0.43331602709108674
0.3154502267988484
0.11739162759612398
-0.8829754971279251
0.47406400368964663
-0.7354123826089274
-0.030085163909413293
-0.3377850917182412
-0.3478932988039829
-0.050917439758052296
-0.7660992216194686
-0.06328776824808768
-0.5193215959582957
0.45510000969509257
-0.815686099898953
-0.44159677915123785
0.4251679789980889
0.7788404956504755
0.2602807184393674
0.5745064695386461
-0.2650889493032236
-0.019942484600571575
-0.8638985681589268
0.7499181275398055
-0.22392268773477975
0.32545803441297183
-0.4904022664013521
0.9786349378957504
-0.1390650770036035
0.20962604022410503
0.7914958813060884
-0.7296993755611765
0.6042690922972764
0.3435714716068534
0.35087847150025286
-0.4068908669458313
0.21814585018431343
-0.1285137202111013
-0.8569582056427056
0.17198412536546526
0.8911582151042441
0.3495258663439311
-0.9380037085092221
-0.37349623861748427
0.08806946987662823
-0.9302050475226724
0.9912858303735961
-0.39966094742147273
-0.2884656290661236
0.9832406890946674
-0.937351789676891
0.47147962220820583
0.23199513822352413
-0.8074673716408727
0.9135841899261665
-0.192977261109037
0.9064709624522562
0.09510087620462793
-0.8346691363661529
-0.7386843971604291
-0.9574744065701326
-0.5146588636538958
-0.6082134610099397
0.3378708237571342
0.8787363676367974
0.1852473650762132
-0.5048699528843064
0.8783233930466952
-0.43429653138059976
-0.11099370981620016
0.17580945738907072
-0.8186312662399309
-0.645728189490947
0.39226417547156034
0.10202420248240207
0.2655949005810534
0.6287859939908005
0.18688903341844654
0.10818939580673925
0.9095939132015327
0.36950936729157124
0.8780656795038082
0.3024223562110069
0.8404612511987488
0.7195472777383474
0.5241415135533796
-0.5181698218733182
-0.7545664519649149
-0.3379369647130104
-0.1396109125778109
0.6756888262889653
-0.7411423504067942
-0.4717680860154103
-0.8457102433920132
-0.8525503723515779
0.0004533442084486694
0.9543677002342874
-0.31725881648642007
0.12143075404894521
0.6848747665542696
-0.7733414918675079
-0.11674773971856345
0.26764052128710025
-0.24279600623238728
-0.9655454467572442
0.480818100462975
0.6009655105536589
0.19964266504894201
-0.8181946206882929
-0.6436758617190241
0.6653698437354296
-0.9681406684887892
-0.0434912202156057
0.844253721596286
-0.4756384862154168
0.9674219110011384
0.8133727356073743
-0.5144938259483314
0.8714108657122708
-0.4647484422035961
0.525459152245912
-0.5603486577866121
0.6732973258814403
0.552649072402069
0.022232760379223837
0.1201077879948822
0.7431883959677763
-0.6741518375121913
-0.31569117801838154
-0.2252806883205838
0.9802519589215608
0.9600309979207724
0.09722443317376994
0.6618424725098322
0.2537411783361456
0.3883562634591633
0.8716456683931901
-0.021763678197244563
0.697975325043052
-0.9493078203583338
-0.31014629326020504
0.6467851729753145
0.6445851383659584
-0.812149087108708
-0.2169098450422311
0.9689850565833309
-0.6612208426578237
0.934639307180896
0.0810069865750429
0.38028392834729186
-0.8358700984453873
0.11289576441613969
0.8988743917390662
0.48936625881250295
-0.25929354350463996
0.17408219663433355
0.0417179614214751
0.7052709210050407
0.6403599396114914
-0.052642544917258505
-0.412279674383202
-0.02002459373950849
0.009883303746018424
0.05539713654055234
0.17221372867251583
-0.9853249035432228
0.013141355030332313
-0.09410365282316802
-0.7685301757755587
-0.3919861130879685
-0.8468490789042344
0.7434221187813961
-0.22898441314032292
0.10087209853128165
-0.5651336561746532
-0.8257130030300903
-0.8794190904378434
0.5627329123622844
0.13785063931020547
0.8728657310378756
-0.007613175290599017
0.21590605016497433
-0.23711672256190353
0.04142931399918659
0.8485326371298219
0.2641807398612164
0.87762819886267
0.6061959574852418
0.7085670223384923
-0.3659593911303114
-0.969987852156196
0.7680741684290746
-0.6444012245711215
0.293839571750234
-0.18473581196570654
-0.8974715451323965
-0.8468352271157564
-0.507383875066854
-0.7348007529505498
-0.4824997914218181
-0.9199100804492719
-0.3549194932978783
0.6445298383014224
0.4171983129458221
0.604875166003227
0.11706134254716893
-0.30925315619754423
-0.16160009702501155
0.9514210265134437
0.18282671010423712
0.3527533836666654
-0.7313790729877399
-0.6772250211569002
-0.4844887405182776
-0.9624258076045562
0.35237200532300106
0.8373782056973558
0.7472061018575875
0.041423629812531004
-0.1660076954246934
-0.4684515757008496
0.022163440680556423
-0.08860178107520289
-0.09866845434757865
-0.9511796302074123
0.8547968183262844
-0.33505665150235675
0.18986269224810925
0.24171966587139293
-0.42151132107858746
-0.9306378442441585
-0.9735999075829009
0.7419935894719334
0.3744284216878433
-0.7172643127913516
-0.7926789612943654
0.846745462246588
-0.39185036049386124
-0.1448595563160029
0.5822552986551792
-0.5312153906512873
0.6113256967760461
0.5179353391680981
-0.3959859168809565
0.15376834487977398
-0.5445305226781803
0.717079041131
-0.6964221867911671
0.20949376747047843
-0.6205113385174723
-0.2799132568613638
-0.49814196729759175
0.2851568897145542
0.03882886104531558
-0.41779225600393133
-0.27667038013788536
-0.02169016574920679
-0.12697198178490732
-0.9116295728058654
-0.6646277327460508
-0.7585729746090921
0.9413045469241155
-0.752361223421314
0.10449694806713916
-0.5234612706549973
-0.9187511139552709
0.6752374222260449
-0.39414164104254157
0.8280885782952345
-0.7677915118339227
-0.9297689902091753
0.029801708192916276
0.1057476871829266
-0.5428522762735533
-0.679199848846439
0.5543047359522735
0.4543344006721859
-0.9470677146236248
0.30739169010504863
0.6152539123366512
0.442261767853787
-0.4071774239864445
-0.004845231503038949
-0.3734516044863958
0.5599099124948053
-0.5767830380618175
0.9831346666138945
0.9511477099068077
0.6318737161225436
-0.31403370021709964
0.7311124403732991
-0.4938452814453731
0.13305245263556564
0.6453855062953964
0.7376862179588741
0.311970798343177
0.454852140115765
0.5918575454101771
0.27252212917008434
0.27549082104969846
0.8631640042450446
0.8221560893741073
-0.5295714917126912
-0.7996465690933072
-0.6839509613963148
-0.24399075714597007
-0.4779760126399717
-0.6717306382732264
0.6219572828090607
-0.8225853437859567
0.14322834223856518
0.5861629163220408
0.5978808256279118
0.18616397654208328
0.21689564844536902
-0.282803498888867
-0.7230776213349461
0.3624354536933465
0.287406146109233
0.9429448120634798
-0.6567746491624078
0.20367848162591962
-0.7176152787157681
0.7724353176686147
0.609069352333961
-0.9365091728861068
-0.784350351395966
0.5708259013517556
0.6106605290640599
-0.33264795127952196
-0.4406125109688839
0.3851725918032347
0.8213297021268624
-0.4341706941733694
-0.4324841912945647
0.9082650968972734
-0.19632248237550476
0.05735206547825289
0.978756511338521
-0.6585480905141874
-0.2022421022922054
-0.586367929092666
0.12862672186916857
-0.5025667925362316
-0.37555395806798053
-0.24564795485645874
0.3002347258861664
0.529009195290965
-0.9096471359799554
0.7719149018307254
-0.535307014156448
0.3152876333146981
-0.723762739912158
-0.9817593406148135
0.6909506910415026
0.8014392171441576
-0.45599952749462513
0.9597037779645938
-0.6349826248837953
-0.8606502592934704
0.16003808431530553
-0.8904437409250079
0.41924209214383534
-0.369578762915733
-0.21633087568247955
0.9140453672257975
-0.23608080300410705
0.7048119677952367
0.7957657015190378
0.9021858855340978
0.9539473837090404
0.34639807555950863
-0.6975641979833505
0.2586849392025652
-0.5510619387406983
-0.4919250878398693
0.2599210579028939
-0.6707767924864325
-0.8078994034181055
-0.830852713456415
0.28318302603244483
0.3740166006646706
0.9882703338163843
-0.7399144000197411
-0.6890385778214969
0.4616966523228627
-0.7693501939251219
-0.9150906272985821
0.42111517196381154
-0.8706620704737702
-0.3459088326640116
-0.24020927997148478
-0.6220270228259643
0.881005290445485
0.5378761481429866
-0.767188397709758
-0.6918073940890652
0.8286465683799347
0.006121776691285774
0.3713490276106439
0.9575340902753271
0.9599808940710637
-0.3766026010956942
0.9084456026670815
-0.9020582067807545
-0.5828180660531084
-0.09484435246845324
-0.4927127898559136
-0.848666937015456
0.5080944321187006
0.2587128286374214
-0.17815265174313577
-0.2188315876182907
-0.31393592212163135
0.11168812109256843
-0.6921843606674623
-0.9205186433541885
0.3852949684374267
-0.9898983462058992
-0.4273614529281189
-0.2777978906767533
0.3379264725840896
-0.3573443115111643
0.369846008712718
-0.12672898228048668
-0.6321730857282928
-0.4600091790931313
0.9708400069417014
0.8668955825532478
0.8492496106312468
-0.021758894481914037
-0.7482319854592396
-0.5431956835529648
0.6222215161802338
0.03582258458310239
0.25095154065050496
-0.2219513635327739
0.03573090508546617
0.7625697739970141
-0.2241030490067928
-0.23697703491972355
0.6758057769683505
-0.8441066891779063
-0.6485648975882436
-0.9491011300683043
-0.7795396947035957
0.13400970132288714
-0.47371597557283085
-0.6237663473488602
0.8259078140850047
-0.5028032187494436
-0.9212886387440347
0.004817053325962828
-0.8180461197167999
0.4972716684006082
-0.6338874669824035
0.46278082564870227
0.19357084438437777
0.035819204844672825
0.014858985735120012
-0.950836534777801
0.5944956009669426
0.5470158895891775
0.8683024248513926
0.7348579027445301
0.6779519601882451
-0.46530289371873357
0.34038553041535735
0.8712035933583016
0.3479531088510637
-0.6988528554638429
-0.6234073609035806
0.0629271303747454
0.5855743139182379
0.41883986907173165
-0.026653938524531018
-0.568943257950878
0.1379392970906692
0.8194646232605067
0.8287580323080155
0.8084737578800043
0.10227662219021827
-0.49688477659394126
-0.11081043919400457
-0.23920018359177053
0.058213401997509795
-0.0870525957338506
0.9461839482493062
-0.052519385124337514
-0.8322411649198047
-0.7396590326959114
0.35777842359267353
0.9315548743464719
0.19213330392086858
0.9882807935599991
0.8530854836321011
0.15778026901086362
0.8729044238143611
0.6386599939543349
0.3397125070480356
-0.6788176788422544
-0.45634578238349643
-0.4632238055980631
0.9681311074588166
0.3345747186066266
0.731262907324417
0.36036682083931115
0.8113176619645039
-0.8554019529116537
0.46126639676480297
0.14873115986099883
0.7152975715982013
0.3423109371871216
0.008382827049010722
0.2593797668088538
0.8894772285669545
0.003881764025093659
0.6885830762489973
0.7309855964526726
-0.9317191936556033
-0.795046891306598
-0.18156325568542497
-0.9613989372739491
-0.03515935444007612
-0.401352205574248
-0.8686536082730854
-0.06080392727488659
0.32640038695771123
-0.2687762741916022
0.2649221872423553
-0.7845782549718243
-0.08507260251075577
-0.14769008088371294
0.13057085789331957
-0.34857421885827566
-0.04704321870174777
0.44233696733599404
-0.7020127667053355
0.09728380520062707
0.6428356665572377
0.10045257742159919
-0.3465998788553457
0.29644012308168
-0.24999838025839072
-0.5272792673817142
0.4724820563075216
0.6086148117852561
0.40930191963242724
0.4367514614339818
0.014141734738139622
-0.5121174745783406
-0.806583695002526
0.41178214620030884
0.05030630153303228
-0.16712990910186853
0.5988460534391322
0.726415895505697
0.021729667749860404
0.6996963244238579
0.5770643857914077
-0.3103062507238472
0.49094279147327935
0.7274162239425555
-0.7208840050169947
-0.5476631522073476
0.789051054099843
0.021428842110889246
-0.9298687431605734
-0.2179410327821958
0.6117897920370163
0.04186847486611489
0.35220546316599277
-0.6812824553802184
-0.9245449493306261
-0.8420028146212446
-0.5895786400512133
-0.813380068538943
0.6258096148193366
-0.16095541050236228
0.6458752096899096
0.4736022066604755
-0.23426514943179155
0.13622053100820386
0.9233281195015226
-0.4699201836426199
0.7311496493549754
0.6576112913882532
-0.3035261394114106
0.684913143123993
-0.5464873274917545
0.2975533587500383
0.9583171922405276
0.8617458805867426
0.43828781163758324
-0.9174589916094043
0.702384318798321
0.050723962073637274
0.08690423890217591
-0.9796422181764104
0.3800650804403318
0.974631470749074
0.17142618361757922
-0.8262501537938052
-0.4188740274977998
-0.7749340090092582
-0.0048458994131248545
0.7652430752981791
-0.09895953078922926
0.9036571273531728
-0.964728035340312
0.9779679997034298
-0.5630100914433673
-0.566518778994324
-0.4922679307283082
0.6227238690196946
-0.17328638823553844
-0.7340658772821209
0.547627393084376
0.7606483271126452
-0.6027027701563545
-0.7006954987997869
0.8941352460322025
-0.5282759665191459
0.1592190819523891
-0.3017456585102498
0.41269470842562583
0.22268456573762307
-0.9185565732530812
0.7997503201793283
-0.23172708107029472
-0.13399153840485356
-0.4717924073467681
-0.7886875562364204
0.7664194952859731
-0.8138273454190617
-0.64101443322846
-0.9906100977132768
0.7334746196063966
-0.9500753037739873
-0.812812758312373
0.6920613825852087
-0.44874929108622075
0.6675688637118258
0.23847347862242874
0.08232821556350123
0.3661022114184638
0.28602995392890707
0.778689021766386
0.127153354304256
0.10299893097085855
0.3463207597683806
0.7535950872916626
0.05973279818925281
0.6616730020332091
0.8873943007085039
-0.2851984751215575
-0.11348795472175155
0.26088351503274954
0.41805853062503084
0.182600636154028
-0.21461782751524572
0.08686762113714552
0.3477994439407839
-0.8106202682646244
0.5821277601651746
0.7387366419601094
0.2984055674303665
-0.795533401310093
0.9278384615918722
0.22267281359576652
-0.8335887918926819
0.12868032604938628
0.08480520272499659
-0.5400870473788162
-0.6348778362424619
-0.7584174498809024
0.6371655499680355
0.24362395636154544
0.4053823260644789
-0.441091983684744
0.20650639123418202
0.3297304812758135
0.7752979536860876
-0.12542687325310187
-0.8366616059765333
-0.9744797964505896
-0.4026551516149963
-0.1988491548268092
0.5306825910952302
0.14961304198559944
-0.2156133943117653
-0.19960394793707925
0.08769776808537388
-0.7628681084605531
-0.4456223894437126
-0.6904508859348284
-0.9331412234773002
-0.578242310779792
-0.19752447344084656
-0.5512377479445982
-0.491313279710603
0.06723076367209613
-0.7749101418743791
0.01737658888777549
0.8816998566584222
-0.5334335553347103
0.24505811498620567
-0.4219370355673746
-0.034716841287141254
0.17912712078482151
0.5806607403354485
-0.41981784948450285
-0.5526341409253681
-0.35373171592851715
0.41320337244391014
-0.7496400680311863
-0.7415478152159811
0.657504645459237
0.33700315931642777
-0.175616207231291
0.08432890204527599
-0.7128858191684042
0.9721674595088121
0.05596658180352154
0.9929935511573387
-0.3772412703404404
-0.5184939837168323
0.5627296406631399
-0.028216355416111227
-0.7470620947534306
0.002310903929567676
-0.8475615578619182
-0.6909317658925587
-0.5145636929702753
0.4834067171093399
-0.10554929325864215
0.7133704596876504
0.6022684129704663
0.9315046721180948
0.06459610069164334
-0.25094094256688404
0.43982333505263416
-0.8049279976392962
-0.011370079749583262
-0.1992659320520458
0.32583188120264817
0.6682414449548428
0.44819935250051657
0.7810090260602021
-0.9074656457870733
0.46759356454708545
-0.46921040349523313
0.4572148359853956
0.7542288301108875
0.3396826164602307
-0.1167219162511488
-0.034480959669812794
-0.619259486541559
-0.4628420023155986
0.6583190068789087
-0.9370923549746797
0.9589617128978554
0.22445242723480385
-0.1261055630736525
-0.5758428275503005
-0.6493501909195629
0.13913308263596225
0.4284854314702815
0.1093151433457975
0.961957763807606
-0.44666626731069625
0.7617105210838568
-0.7378658386292454
-0.5359029524019787
0.42860300718718936
0.8946626533296342
-0.17446310724120506
-0.645007160159524
-0.21690079350778246
-0.9949070435355725
-0.7646055963886549
0.11868071525961765
0.9164922132076754
-0.5056963961967331
-0.605500221484149
-0.9677151854427999
0.9655463244888693
-0.43191625668177336
0.3129929836078946
-0.014288881148248223
-0.12738153009907904
-0.5691017927722446
0.6273673802384843
-0.2292133380326038
-0.2808213205265102
-0.28721963998499955
0.7440311811758162
-0.43710741339086256
0.6905692277085635
-0.8614064356527082
0.3289562048128776
0.8400231714053783
-0.45779392955986964
0.6500678197703862
0.972292289752295
0.7949485254700974
0.9257871331514207
0.8777941786410519
0.11690835273522637
-0.28564169140438356
0.7813185243838405
0.011996475054124378
0.8692613127851447
-0.3755480977903911
-0.4961664336987468
0.17627731618300224
0.7041863925140706
0.8057996642296548
-0.6159581365404669
0.05211741785950874
0.419211463600635
-0.019052063043679457
-0.5337269977297532
0.2994262810541466
-0.3537568329779397
-0.17102024082745437
0.8827641955443295
0.16701006354127568
-0.7980223241283184
0.790512355514077
-0.8101715063921517
-0.5010710099429683
-0.0053596777640274595
0.8678835565566088
0.6773620338707986
-0.287173581886484
-0.057872283795857626
-0.6811114124140443
-0.45375453103308017
-0.09181003809159449
-0.04888319234856864
-0.7942402844551837
0.6376019036364178
-0.9810970126514933
-0.798450402583097
0.6998331013121111
0.8764623887349394
0.18784898413558704
-0.04788590122843006
-0.3822665827231462
-0.4113399857353657
0.8074344900150323
0.38470160074647364
0.6039892816388615
-0.3018426952622435
0.7718098159045965
-0.632173143723481
-0.9298230378354906
0.602376186125658
-0.06327004007483072
0.942635371525578
-0.00675465468339187
0.37107057850762626
-0.33977761355464065
0.6100343213619235
-0.7778270902193749
0.056824934942212746
-0.2652944423898842
0.5845796033339399
-0.189521971551748
-0.4415485414456888
0.06164558212928606
0.9383122766289098
0.9646349435840973
0.35076381931511635
0.3797397222474794
0.5776751218903082
0.7529708337623546
-0.275115580032431
0.21300506005680697
0.3453886332652738
0.6780495178635966
0.5730582510872462
0.9503049207089611
-0.05402037967350459
0.7809255786853795
0.8004613744115039
-0.6754173539553419
0.7678458176236442
0.17746914973844108
-0.4915840027007299
-0.1411841070053117
-0.12257958462860996
0.9714992667157976
0.10486181755792501
-0.13874512924186222
-0.24307167747211356
0.827105225436152
0.5193661323412062
0.413221156464628
-0.7426592591762495
0.7293195519929698
-0.7582454806685677
-0.43503891058449806
-0.47724089403761116
-0.506833492347599
-0.45733536142813724
-0.6957172798740747
-0.7660828877456187
-0.9863470910364711
0.09709780173319693
0.7745740396407488
-0.16606346864373034
0.2423865608918616
0.9506360883413532
0.5018221698071237
-0.44781874860192605
0.019607722890817136
0.9909255442857896
0.08239949335732755
-0.06995522527077025
0.19269711583806748
0.27580352859873347
0.2551142570776648
-0.5975334262014473
0.022275527741029144
-0.13658145420735712
-0.3037849318753403
0.9732820898745627
-0.9081094945935297
-0.5129721045480573
-0.7183869687848299
0.1635275850802307
0.6688525551834701
-0.8403045967545775
-0.03460013440192755
-0.1432268740511673
0.7260258842678686
0.6361900539454952
-0.3284459229797343
-0.606050266376478
-0.5034606037701304
0.6506091481407075
-0.51072865809122
-0.0003401701791458933
-0.2599808614087604
-0.9052398573391573
-0.21190941652646433
-0.7813498415989244
-0.7503858480480936
0.6958459670147983
0.9161326460709716
-0.801024727882675
-0.5591506143251928
-0.3073919496089861
0.7557916468412329
-0.6244452289703672
-0.815156289706132
0.1285582093027946
-0.9987606146631749
-0.4084953935732689
0.0956023801599204
-0.6632171202727677
-0.9492827632680481
-0.9453208070879415
0.8420307413282009
0.4696528194940046
-0.6434663779472016
-0.757796987620146
0.8279336165626097
-0.6672593100391069
-0.8792617219214538
-0.40927147175925693
0.26972075195633805
0.6616794348191823
0.5633823822360653
0.6427692091971022
-0.07042138082127769
0.5278181029327884
-0.6487564253318334
-0.7041962338414995
-0.6995925936190153
-0.6367327918953234
0.260917595656478
-0.8381856516032373
0.22853215479595734
-0.20030762989568007
0.987949437982726
0.06371062737792954
-0.190601832277828
-0.5596421016572672
0.49719304350645066
-0.15263318784959212
0.7868839481787377
0.19272567174732824
0.7372852985751166
-0.2875509555527933
0.29399572340295865
0.9614530072971132
-0.6165115792409339
0.5366731643176506
0.7788615980941627
-0.4140866139393484
-0.3722247040265847
-0.6344962351269494
-0.03486108797773824
0.19556482202740666
0.2628332470800556
0.16963008910930188
0.8762620161757559
0.7290424361430481
0.34753334861752005
-0.09081641979800592
0.20767572682948154
-0.9042790240075527
-0.10812731632627326
0.6277533245508784
-0.12596379125327095
-0.4395505274025888
-0.007668838142028456
-0.1585903686559127
-0.6032947564851194
0.7614294427217341
0.31544216099986766
-0.059887797023763234
-0.10347315682368308
0.8029738714713539
0.05792634430581778
0.1304327641341887
-0.33959883640310373
0.6099404245626201
0.3697873359043373
0.9708053724391763
-0.5223387264156005
-0.681748483229331
-0.7203522889885008
-0.5974447132311251
-0.23940990168297782
0.8286956456665338
-0.7175198168628003
0.11487942205136337
-0.12616394973029
-0.062241590858308715
-0.6160332772798762
-0.09926184469533172
0.3042967987526999
0.5737170024331348
-0.8114004225200211
0.7036181742086889
-0.49562776400245356
-0.47586244541681966
-0.7432791618318428
-0.22646667664111098
-0.285545950014368
0.7041367528716838
-0.9449757901783418
0.34110359272848934
0.7766963254257275
-0.025671281346854702
-0.34626759535145357
-0.23955894463999572
0.29131314638763106
-0.7537093503735384
-0.3859915799111926
-0.8960709747122664
-0.259587369812317
-0.0424180548978601
0.4402807512140132
-0.3186329097178566
0.8597497679459223
-0.08531118840872853
0.8316095035965083
0.4382510984204111
0.02061519633651354
-0.9239171541891418
0.3849947340734645
0.950893702184274
0.7320382393441518
-0.786747005616776
0.21712800403301546
-0.3065222998162427
-0.016044767600289056
-0.4897476941860246
0.9131243193356609
0.05459562659112738
0.31105222124003085
0.0782999742912911
0.6982906184398461
-0.8562846019478463
-0.6131803140038388
-0.5433106624476798
0.8651015193368443
-0.7912276414849284
-0.39417448806366995
0.7099970507065478
-0.3623277673680314
-0.21605177723007163
-0.32777249499161965
0.3894892986715601
0.6382964853228357
0.6946003668807688
0.5778701743436216
-0.43103060599095633
-0.7409775164537691
0.5939203306843965
-0.6753428707641871
0.24221570439473838
0.8200537103683421
0.8065654944304916
-0.6978282632355941
0.9912672885360969
0.9310812672699207
-0.9364255974418145
-0.6979738571865708
0.5631779509244366
-0.9111780142886543
-0.10605984010255787
-0.7362291600397035
0.3022727848051101
-0.643608235296051
0.6436858451501055
-0.06809371355170102
-0.19755519452392223
-0.21927144762280815
-0.3142283462847053
-0.1539134303348897
-0.8460187093127063
-0.7114142568749116
-0.9475247221636667
0.0918179413343645
0.27681745987355333
-0.9327959878939986
0.8033594090284697
0.7534320967033392
-0.5867504221412161
0.7768635432855295
-0.2536690095338132
0.19862306654418127
0.9457166053902184
0.3329452086555955
0.6307637303262452
0.7004485219809928
-0.3539024578145309
0.9546925137066054
-0.07719659187639794
-0.3238096518572342
-0.47500459044521604
0.05960687349861882
-0.017910933573590082
0.82051510015796
0.730261572377541
0.6203250086564465
-0.8679007278064104
-0.49539890005407816
0.3362545325037707
0.6387683180127119
-0.49510026599373536
-0.22614391252644772
-0.6232550439571769
-0.3257347639492867
-0.3099999799953057
0.7636701854226526
-0.45162186455486175
0.10438283291758754
0.15522845331720303
0.7516940433295258
-0.4471380471997781
0.40736885126424616
-0.6648095706302297
-0.3948338631413906
0.44450850635337424
0.5536614946373133
0.6867663552974252
0.2497627282653445
-0.448408840386771
0.6988048412462167
0.08115527590212057
0.22270855474233242
0.7853182356386696
0.5477980226617882
0.010871677953765424
-0.4874830638291461
0.8213188684283277
-0.2495508845364398
0.5283869926043518
0.8910109899831897
-0.8441145415133406
-0.6289020784393009
0.5901002997576774
0.3205730635065982
-0.7457676968074836
-0.041578073041011354
0.641919206243359
-0.7381537675715872
0.19835961300120086
0.4340240630155896
0.7382972721504855
0.1118725154422262
-0.14527398692934002
0.3509191962170002
-0.8219294896023639
0.7797274825611358
0.9757600895533289
0.755001262588122
-0.29130960401470274
0.4624939738058669
-0.8502400262562988
-0.46555827596871335
-0.6739756777015065
-0.3341281637251563
-0.6720827191653744
-0.41610104887536625
-0.3912091976299812
-0.11782908602086684
0.9151184415077691
-0.4134418418415273
0.39040001001482105
-0.5039217425984566
-0.06253781236129541
-0.8391325029557004
0.5309080747829173
-0.775121847101985
0.4903891114800478
0.1824861450428279
0.8029059340747677
0.17952171398502426
0.9920126830206057
-0.40915796735683774
0.927299619903041
-0.7310042346505017
-0.692119953915646
-0.7431442041054575
0.2780121165734961
0.23874798642281236
0.33309976360333327
-0.6082673071934046
0.3657821483406565
-0.47797604446227737
-0.059037617840973056
0.3701227655357173
-0.41318295535490224
-0.9309654519944539
0.4263445236008403
0.6639701242927334
-0.250000294447259
0.2051972005136209
0.22925335899397847
-0.0879162186869249
-0.6937066130197467
-0.5082001961602773
0.5776693357597575
0.11846862257964919
0.3658968553078581
0.2042892280968629
-0.5219155564399731
-0.25869233611609044
-0.42137013684470537
0.15864454694308394
0.7469536515264732
0.37366959769864927
0.14441663713714759
0.6290141015626305
0.21922469513427867
0.5696585121259505
-0.06004875877815152
0.32136899826762244
0.3452421501381031
-0.7204809380589392
0.8125914481473853
-0.882236365652953
0.4234955063683188
-0.18763615606921347
0.40110349640936693
-0.030139294143685103
0.27049556344865566
-0.23275978806407283
0.09125926415317753
-0.18278242576768378
-0.4385857770859789
-0.8777927868518001
-0.6427494988141063
-0.28940156699772235
0.027205047179064135
0.25039135688417646
0.024858021199412494
-0.04640316331465044
-0.9281729746138767
0.665551633469653
0.06979697975518162
0.5658299698150944
-0.065952180780533
-0.08837970590015143
0.12452937383544738
0.5964794239536002
0.17331587715541152
-0.11147972267412465
-0.1830662275028958
0.7129526309652805
-0.05117058749714065
0.9521569532876293
0.34280107233525525
0.8594199168374224
-0.05009227408163808
0.4602957817728459
0.0192468149504057
-0.5315039571127071
-0.9912854388120782
-0.4028532094427857
0.8916609596594078
-0.5746528571217908
0.8913780437109469
0.005171748345580429
0.4488258047034561
0.15154851505458655
-0.677570000552917
0.10050608229064961
-0.2549007170273385
-0.48266877218836024
0.2170378076827939
0.19937307817117
0.5412543462215584
-0.22286278028665185
0.39305291472337966
0.8759343086754621
0.9316478999207916
-0.08458576461835854
0.44824344492647583
-0.27872136092280764
-0.10731645046394434
0.7573705348781075
-0.4807323197478488
-0.758281824035
0.22053786758108807
0.023994003123699148
-0.9413545724347547
0.8568592981598164
0.5970646522073828
-0.5139042418801805
-0.9205294417851109
-0.05760155705860903
0.46575752711139895
-0.9845063863011303
0.30240370367048586
0.21731694539817736
0.7996408883500545
0.5714885261407092
-0.9588216098139895
-0.9536800463043846
-0.4395124832052617
0.43976316932638104
0.76738445409039
0.9276133787278273
0.5849209905804567
-0.06432424196793685
-0.666794589525161
-0.3183082344828221
-0.41464318221332164
-0.22646378961980806
0.9210915218880973
0.650447102745189
0.7492250751270584
-0.7291109717510529
-0.6835993544543775
0.006673593041134573
0.18213664839659627
0.21449710385179976
-0.49339008757647385
-0.10749989720891628
-0.22733531808728902
0.3690831905276033
0.7032161298466728
0.17797836287403168
-0.8344656998114637
0.7889160086808347
0.7376474863997178
-0.8977468594363369
-0.7983207323976802
-0.9995190641740006
-0.6388165532612722
0.14926619460307977
-0.877619855620476
-0.023428027713732646
-0.8705986261565593
0.03051603463334196
0.8380742121821139
-0.9770633944773914
-0.7261671794038351
0.46130803078766114
0.42198288615217283
0.11404969248140473
-0.8612263489359266
0.4126705558715278
-0.8494939325649766
0.8547397006355633
-0.015523523358611957
0.4210117565587308
0.9193674487268919
0.5866735927303726
0.8888656269867088
0.12923402473983092
-0.16739661927563976
-0.750547460319996
0.7155737021132276
-0.6106508780037978
-0.7348685403258997
0.5510926597073644
0.24607334084555443
-0.42131049445995705
0.7450375559159443
-0.5266526354803518
-0.3499591039754155
0.9149499714514757
0.28576221855891015
0.7795265171561399
0.4262183932249948
-0.28506735336193545
-0.28184000351029503
0.3687592538653459
0.6238567741654055
-0.5683975085065547
-0.8706523115783296
-0.7544773801265849
-0.1710617814968849
0.7409955540782152
-0.9867767311543121
-0.3168576943362882
0.06313457781575593
-0.6459040201629458
-0.36410759002780235
0.4683085977459105
0.9301350393747829
-0.9863289996506288
0.21477541465403593
0.6971681283648681
0.4182773757140539
-0.7955213569376536
-0.6704648870100067
0.24671867857047447
-0.531208421282503
0.2840792874408593
-0.8869672567940787
0.3989141795870146
0.5808719961063988
-0.8284905225176398
0.11356528482400075
0.14790219002593874
-0.9234338437074503
0.486526634504155
0.8384098353548213
0.2966299396211496
-0.5135554160339044
-0.47797666976779496
-0.06766889865581271
0.06361007251032591
-0.1586983688314194
0.3454521586110073
0.09358197827398884
-0.30385393951007744
-0.29571339968737886
-0.4137973651944873
0.6694825545864136
-0.14641636963087024
0.4021237644612867
-0.08823137070135001
-0.8515165092794357
0.4579420117262041
0.7677261623998461
0.3694002488371537
-0.047632588091420125
-0.3846583581474441
-0.9540493757174797
0.030823811261044387
0.2647124910324794
0.4476213425351143
-0.9663102215642363
-0.4337483235858053
0.27227516607151614
0.5850239401653083
-0.4357768122178056
-0.6385452464638273
-0.2516818802175629
0.9876947812843926
-0.07547678322760154
0.4006738351156529
-0.6771114511786802
-0.6177941903272925
-0.19061006196331265
-0.44263417497344726
0.4934185793871224
-0.41812101588552464
0.6669427219516506
0.3716273085516839
-0.6144470706515501
0.671792515518395
0.41468890415512805
0.36822818106664545
0.4879723568577803
0.8588566893612581
0.8418913059343596
-0.8469117945523994
0.4120687806178087
-0.7505944069638657
0.4630722210911884
-0.9065496495761929
-0.9163391013156406
0.024020935219617012
-0.8084301350443823
-0.3894874553036889
-0.7571742149576499
0.5208481875621853
0.13065724245207333
0.8618794921854449
0.5356470026369036
0.2162313769617752
0.4456039085979233
0.9896013961706389
0.8009118181650656
0.921097128675664
0.7506109871945208
0.034047603716830466
-0.7515957591168827
-0.6250371915984023
0.42148886932436014
-0.6260623822110212
0.6899609712413444
-0.8807763896499359
-0.09985402185559566
-0.9671040285772419
0.567959498104722
-0.561127088827611
0.4041386434499499
0.5690888735979982
0.12486618620387535
-0.2850372873653497
0.3028216230354803
-0.9416682679035153
0.11158191584212807
-0.41976010013099074
0.9502212612709364
-0.7176078675942841
-0.0666403457980369
0.45246450273451
-0.2727646808333093
0.11960355622852381
-0.8429544752468754
-0.565956691198243
-0.4417114075505113
0.3343102031005807
0.37202600079476333
-0.8432761379189353
-0.5752760539632731
0.9557129885419164
0.22998873241109985
-0.4732037383580585
0.026034505155788867
0.09872168232381728
0.16764428495633688
0.38512095285478454
-0.18177112047930866
0.18504155700538272
0.29115328937180873
-0.7945332875743301
-0.7123681892649336
0.9507873477981517
0.5370138235199442
-0.043496490942241284
0.11182589944047194
0.27010563456241554
0.9448220995284209
-0.13982064098720093
0.37833346948227975
0.12517607354825522
-0.8810536054288307
0.2142112659866613
-0.25402662280891297
-0.08139617397788879
0.9583689995760336
-0.674168208438295
-0.06456804005441885
0.002003138413904537
0.0049839357643919335
-0.08201484239832135
-0.2750973459413011
-0.32418614146645863
0.3655722573878286
-0.6948179902051659
-0.6231286629928667
-0.6497068966578947
-0.5752371586449834
-0.2493198014131841
0.6347561461006905
0.7245441725833413
0.19191738475448128
-0.6847703450021747
-0.7930096408446663
-0.00378738654189803
-0.8297208927260349
-0.5534796768686645
0.40433612145017017
-0.40279230040566194
0.8386949182836929
-0.17055250485883056
0.8082181685645531
0.7624383132268413
0.984920385583556
0.8100752107399614
-0.5766949199468434
-0.5489409629296031
-0.45713462602666644
-0.23839033351559014
0.33851042815532884
-0.03509420411830977
0.9858740530199341
0.20995598952592154
-0.8898165401617573
-0.3985974893465327
-0.2989126912290567
-0.36460622527336417
0.8663663871895046
0.26571637363063605
0.615647589233193
-0.32714503746690893
0.6057404311911845
-0.23265981292813143
-0.4148966473853388
0.48919389914618483
0.1669120571401046
-0.23599747391461534
-0.27921341947092015
-0.696397226735852
-0.689979037451018
-0.13140178514530154
0.9006276788272225
-0.6017637010695629
-0.8796705490119492
0.5160078638274248
0.4457009792238864
-0.7244495181422752
-0.576413721269184
0.9632095647365442
0.03574824236089791
0.5210248375661206
-0.1081284510528997
-0.4571622251640757
-0.8085926252326252
-0.47234986828912806
-0.779239097782733
-0.5678357309188855
0.7392681268676227
0.8449595671274981
-0.2588330450948195
-0.16908028815033083
0.2713710543173251
-0.9000469023720497
-0.7036024559236007
-0.39735201110929363
-0.5698391025186349
-0.0309392779343014
0.41332071039401486
-0.7024472103733355
0.8222692469191526
0.4742921477138822
0.42256997734026935
-0.7828619121725211
0.29729933440886214
0.31728995146022676
-0.6630020014570026
0.4274520673160027
-0.49551106695519387
0.6975892265394013
0.510976729102476
-0.7932963797196533
0.16272051067940163
0.9808596998657588
-0.6764921731654399
-0.6988720729722728
0.8004719687828121
0.8658199170198393
-0.18818050084492643
0.5441162945108098
0.47709755045282964
0.11609905505251916
-0.13139999260993163
0.4962284863165425
-0.33526149045150655
0.35840109733911296
0.8366492715298506
-0.373429032383628
-0.9452112521945457
0.028681306093155
-0.7543651432590393
-0.2922448282666483
-0.07972851044726514
0.0711368675621098
0.2051433276344259
-0.23639948291384805
0.034249556675210346
0.9741301963133102
0.71981714354893
0.011634553823450133
-0.05666744840583959
-0.6081364972022598
0.5440688283679074
0.8161463250886887
-0.1024872390568694
0.3665023041007007
-0.7346138223304424
-0.32259395021854775
0.5332863186119545
0.926797884156012
-0.31787431786463394
0.09675206151125826
-0.13796795643637516
0.4272607220840894
0.1538658483677211
0.4044416002305913
-0.7413987642039075
0.995491803700832
0.7336633387089484
-0.714687801628457
0.3858895231730606
0.9705823165901579
0.24407244929138994
0.18787313261713567
0.32426191481512
0.1836555930058137
0.25711220052878314
0.6329010076960064
0.7152139177994732
0.9505060716745484
-0.35819159802638545
0.3566109457577342
0.7608712788328988
-0.9956071659164039
-0.9932905242186876
-0.6295382646431844
-0.7754669730627377
-0.185438309445638
-0.9398360091110138
0.8454912717366487
0.47510850282698147
0.15952433499700502
0.580488433987584
0.15561299787385208
0.025454749075011218
0.28082356251407603
0.04842710322389987
0.04836166556364807
-0.30471453896365475
-0.06294257437016526
0.4475502658994239
0.27593210481524455
0.7566247620332587
0.39336305827239393
-0.6984193582998737
-0.7764693382312262
0.9797576452940802
-0.6608969034018792
0.7322169415737942
0.5536406302779815
-0.9625930238875648
0.3148063571597217
0.5343263741897761
-0.4406794015376412
-0.4683510222583105
0.09179278266692092
0.41723391911836405
-0.806887854514104
-0.7731973275885529
-0.33570870850985024
-0.5156507204607004
-0.7313719003524115
-0.6549704433624712
-0.6019416386061169
-0.6351993027209244
-0.8819436907243157
0.3512136149737781
0.34332629134345405
-0.41001799589802523
-0.5756152976590094
0.9417412203768807
0.9045524992388105
0.43823469276532956
-0.6396570907133623
0.562517194978108
-0.5889890373005051
0.3209173282910007
-0.8642116908277675
-0.816974441985312
0.6040656701789517
0.887184297353238
0.4842403305615499
0.5286639688838171
-0.9064908347142255
0.9917113250349283
0.2941115060506245
-0.4120451310802813
-0.36477846913832224
-0.14591477925348872
0.660792425385373
0.9970207601272079
0.2930861176880257
-0.8404046263625307
-0.1442093866246581
-0.46688481528246717
-0.4018105309205411
-0.11903153216604112
-0.2987866404025157
-0.08858162383172541
0.6168796192023618
-0.9911315992270571
0.17827673946299294
0.7155329885874568
0.05651172076561828
0.9041572530960633
0.10555452654171527
0.13988055146332545
-0.784170718268697
-0.1288396912469607
-0.9312142466222206
0.4128906502652918
-0.7410020305857263
-0.12827854056019872
0.5922810315165212
0.07238994354568362
0.1388132999385161
0.25199685224140067
-0.3550709968620236
0.8281329978720158
-0.9414393900214599
-0.11884083194631279
0.560781665550512
0.8945102736958113
-0.6793127629444955
0.6001006277890077
-0.4028379440313139
0.58703850327095
-0.6500647368176917
-0.010557070709279692
0.43922711480232923
0.5961834985406282
-0.34190499946003916
0.9294213660256525
-0.4698500744760392
0.42722280604260376
0.6313404154903579
0.5385635206486916
0.4779529122824555
0.3272880518866539
-0.45938493776728073
-0.4533422340262554
-0.2772015404978241
0.8866457417446516
0.2857497548314054
0.07499170081097617
-0.39821189201839857
0.08628790623178029
0.4870031343771464
0.8212006691100537
-0.858091782830761
0.9373834054015648
-0.3991272439970639
-0.025353101439839154
-0.2325004603492693
0.5540284704424243
-0.011370386998366566
-0.0891589393773522
0.6548733970132901
0.8699671752924134
-0.24964406943309747
-0.19443292761436926
-0.864137568202235
-0.5494633643539122
0.9126308070331715
0.5395833996152661
-0.6315716012900054
0.9639497544303324
-0.5207665766816802
-0.3998232901016978
-0.9078596886561785
-0.7779798365784272
0.17926586325087301
-0.38147831671300736
0.2846373755196794
-0.32974302049294346
0.3287640171514812
0.10420377177441953
0.4730391425780218
-0.9920310693286156
-0.2761986642898284
0.8955744126829712
-0.7077433816592631
-0.7748748878235538
0.8928989057554348
0.06788220700289127
0.7542595430587578
0.09254667717703668
-0.44650080001238956
0.333387400846612
-0.24912135906102773
0.6458563932027874
0.13659102115854393
-0.7237203259541531
0.7527846865855743
-0.43186409533551995
-0.9364649869057518
-0.34678737113046676
-0.7393902999044748
-0.19184393353798157
-0.08021920648937542
-0.23066700445152089
0.44713138707280287
0.03433736341441396
0.24422455723085834
-0.026916792373019582
-0.03256381888259785
0.7834905537005321
-0.19099082032047532
0.6459473784926324
-0.8461428106572595
-0.8744523921560492
0.45716485996374656
-0.571779764913166
-0.012122271731055623
0.6492006766786216
0.46313946692893504
-0.7778812147733345
0.6808599792436243
0.4766113790580384
-0.8662671926321535
0.006971334602085655
0.5518192873417034
0.5837083351471843
-0.8123727822157654
-0.8418483293278767
0.3174943312304985
0.4862828602499434
-0.287986820114412
0.606693666240508
0.9849667588407196
-0.7164536107706172
0.7629490413066105
0.22418020496529012
-0.23482487592270918
-0.5661070390677367
-0.43224309829886076
-0.3606021641916648
0.8581365183801979
-0.0021147489677249
0.6058734389160145
-0.47742524670181785
0.47463432413099094
-0.576417590856356
0.8771045754133064
-0.6583703965426793
0.820166288725217
-0.15002100401688345
0.7629356340701969
0.2956498545789188
0.4740592481251973
0.3452374595251837
0.7809130847324846
0.7333396586935028
0.5296363551864705
-0.7632888680901146
0.9753816945192568
0.37953035942442215
-0.45148944598248564
-0.6422238046147548
-0.9858986839266608
-0.04566426786492883
-0.6344610662111112
-0.7668200052185901
0.6018482775830534
-0.9643493748252063
0.17440538550711082
-0.8652918241182967
-0.23832420135261767
0.8789641368604828
-0.759203592138757
0.8182381439727733
-0.5710421751354544
0.48349886786452156
0.13198150621821902
-0.6208388741137272
-0.8160209581473148
0.8919093242400038
0.4878620383568961
0.6499495446148438
-0.9142462751316174
0.7765011603592771
-0.1404388976068831
-0.9375396231218178
-0.1592171032130416
0.7269109060649508
-0.24049068315858557
0.9941769221677674
-0.1259399539384396
0.9842494235098997
0.391200058639547
0.3909019702540122
0.05916464763777629
-0.7136551558729884
-0.9695859698837572
0.16093104246175916
-0.7045787034823734
0.0011072485074707927
-0.40866611147575904
0.6985999123006312
-0.6985575389632541
-0.5186084710048675
-0.01645269091534729
-0.6881266582708712
-0.9812676926020472
0.31748585115351835
-0.5881756115220114
0.12361293195354017
0.7690934879133939
-0.8728098030521112
-0.11518374736154824
0.18655406239805528
0.5536969785122365
-0.5340610729212028
0.47237483498288757
-0.3454356497322544
0.6692148578236417
-0.12200584530371605
0.7444821750453898
0.6663567280422464
0.0750623760702509
-0.059824721388516355
0.6217227013684394
-0.17767039138728746
0.9173787285312138
0.19809969166537922
0.18571088199716357
-0.6347596998038689
0.9941527969520472
-0.14988987751309724
0.27284244825907145
0.16135010305898545
0.7705596910031263
0.267534947434271
0.783166549319684
-0.6777950043932313
-0.27148459158178584
0.49435638782817604
-0.5180852886249303
0.12327780698360291
-0.19100621581114652
0.2855761485435724
0.7851820870826183
0.014712442825198124
-0.7811554753540091
-0.5538940488548341
-0.6525984301162961
-0.4687605731953104
0.6279689467983793
-0.1266215263063506
-0.5518285168167663
-0.9529668636626458
-0.3626111344546339
0.4411140742202493
-0.11842002151676834
-0.10610392780755884
-0.23486141270884975
0.8866357379335166
0.9166816781906046
-0.9956116432402253
0.2673615897114532
0.015437905433897114
0.7240188489982735
-0.32548167987643417
0.7254863041121471
0.4685141233220729
0.765159780601731
0.28402172836406914
-0.9299113046347243
-0.31612425912415265
0.6169520054096171
-0.6333717582335283
0.4564706396865139
0.42357511302339956
0.2110496270887552
0.028416877968872267
-0.11642943636395886
-0.5884165216085622
-0.8601594800166361
-0.9988358237613242
-0.09225173912541296
-0.5544537524860016
-0.06425575569040731
-0.5827766995274359
0.1835719916972134
-0.1982741372718464
-0.7238665751247271
-0.9497552072191988
-0.5191899118912513
-0.47661552091691917
0.7198595005796413
-0.16501928615382866
0.40532931046269294
0.8708314573914726
0.22270273507399407
0.6474674148681712
0.6342456718659104
0.25733468579930685
-0.40652225354470595
0.657071721297096
-0.5613184057379743
-0.6930665452788207
0.4130260509547905
0.672514981017514
-0.7587025950458233
0.05762498408823502
-0.5798481279750001
-0.09469886555491547
0.7498102398580921
-0.3532324199677661
0.971827961708811
0.9222309090869856
0.24350881752420195
-0.5263346025866436
-0.5565242843336318
0.36931626164844067
0.5533109390593944
0.7149824326141658
0.513709000019209
-0.9710541810955253
0.4048057494183155
0.7001294888431628
-0.1845740142104244
-0.8524407109426724
-0.10331827656026604
-0.32775533028101167
0.3668830098527667
-0.9926946952019193
-0.46590329267527686
0.6496017093949624
0.7810031416286134
-0.42849023200682756
-0.65445195511378
0.5052476763146965
0.8051541473200796
-0.024467775433808292
-0.687106315511298
0.9410710448146071
0.3448407062350287
-0.49912322255144703
-0.5461010798896302
-0.8250649003780528
0.8451790523377727
0.8826269368432977
-0.17690620029445014
0.616009657978279
-0.48989224344155646
-0.3150708516718632
0.5295859461585382
0.7202819727092353
-0.4770161567787361
0.8894340309916866
-0.8139101214992248
0.4681751454511729
-0.3598017090262631
0.876158896666889
-0.49416365066501156
0.11779942489737705
0.6267013290749959
0.6486441200023494
-0.9167146574259681
-0.15109490665255532
0.49115483862254417
-0.28934061950939993
-0.9996652673248891
0.30688033769631584
0.19779090801158894
-0.5994551662807139
-0.4787279209450719
0.5515150777421631
0.5975608896404827
0.46279873164097474
-0.03632767846471863
-0.9775156782881886
-0.7197455169591436
0.4205475527420077
0.6017571307847844
0.20648561504790042
0.1201215558211497
-0.7197064999536575
-0.28974344770281046
0.13856318774006127
0.4136360290828449
-0.9419368956053988
0.6079162860366449
0.3316698830525362
0.8806169164414661
0.15483502911441027
-0.7027180404134175
-0.31796924616761535
0.40287169026326497
0.9358590245576548
0.7346160062264193
-0.5422393141378561
0.6095610574914359
-0.24254223571080002
-0.004618552257507957
-0.7333990107117128
-0.13569210375249785
0.6687085209906902
-0.8824548681410889
-0.23895637972833006
-0.06980777167593644
0.47250585095643194
-0.8409553887104999
0.9980206218751841
0.3381348430717055
0.37382981821215777
0.9483213752153961
-0.28959484238759137
0.9694061095150515
-0.5464572997239827
-0.8671388167166043
0.6795926109379771
0.8961647059883977
0.07429621318152435
-0.13315963864304559
-0.963068210107846
-0.24330469974992397
0.6423301081080028
-0.14247149182510022
0.9647432887535063
0.047122582157516746
0.9669954838720067
-0.1473220044476098
0.9515063867272429
-0.9738160553954183
-0.1980604818967402
0.28747317428824015
-0.5813069636829695
0.9450243022082558
0.6849946237284366
-0.21087948745320872
0.07982659098577027
0.45816669896324314
-0.029562414629572764
0.6990899593472704
0.28960872095501244
0.534108286761807
0.2527633367287292
-0.3697559106390842
-0.5704741867517904
0.12674766892721623
0.5923937979769738
0.6688297551334359
-0.917182465032131
0.6743356950252122
0.1877551247335889
-0.13902596748140583
-0.20202751679750408
-0.22307295412226846
-0.5058069898137378
0.1934302005501607
-0.6416158927933533
-0.5116361060790462
0.8842361630270092
0.8632145969838265
0.7006371258386004
-0.0032021283198413464
0.2512595511693725
0.03653733239697132
0.16467352330655238
-0.9874597571342316
0.48210690984274285
0.030321999153609447
-0.8696545310388055
0.2947051977206545
-0.8116312098858516
-0.1112498916152056
0.7006221281400276
-0.6791185474284362
-0.009970563526835896
0.02733681513178965
0.6566784696943424
-0.09752300760427746
-0.15432535945647086
-0.26264783348291587
0.9112856968422136
0.715315963066252
0.677623262475088
0.5842034687821944
0.632213569014366
-0.663102581158475
0.6654147237298553
-0.884332719637269
0.38780984027111787
-0.9100768285597276
0.2914554341437414
0.05266808588671701
-0.3756629430808718
0.6888761820994427
0.16700231358004558
-0.10070747068696306
-0.43628932135401755
0.9629642520893489
0.9023419584369146
0.928333695123591
-0.3602213481404002
0.23259237795144871
0.742998913122972
-0.955122003471228
0.38962043288693593
-0.2974020001560924
-0.9346585769755342
-0.4289708517634834
0.9525989865549689
-0.9620663526400257
0.12122117524171694
-0.7223131577020911
-0.6038811780411302
0.45970756960308634
-0.035033671518484244
-0.6436527892716217
-0.9292940541368977
0.05213514056767288
0.547873114530073
0.5480042713360622
-0.2582188471359932
-0.09268694209206174
-0.6878054762126395
-0.14029052476500503
-0.5276682532686809
0.017774599383140632
0.2665759635733611
-0.6743270303142523
0.24675316229171118
-0.6443008571196325
0.3214769484611817
-0.9907519801911202
-0.7254103236989082
-0.7644540640531323
0.5755169961724458
0.7547010386996811
-0.4864691733665234
-0.002996128667915432
-0.07248531608019393
-0.6558488876262873
0.3846609780463721
-0.7200426201838335
0.7424186262137131
0.612307482172203
-0.06119691048892717
-0.46389467809058393
-0.7333392576738267
0.05500602879459615
-0.1533010989411423
0.7215113737989847
0.044269319484894876
0.9656474308603089
-0.14113460061948002
0.6756807227077752
-0.8288232130467343
0.37064324663439807
0.5519328204687133
-0.6528313668994805
-0.8021766209082419
-0.6442810401123809
-0.5497170878119553
0.599020256923994
-0.3479171523364615
0.5289102407550015
-0.5726598246967978
0.8181643838942652
0.7860777875093765
-0.5862533524948259
0.045416017739686954
-0.2675383170185408
0.5488726481997079
0.6869269831457729
-0.6021649947886849
0.06076306651356589
-0.8455831161409186
0.749068179094051
-0.9351160726552705
-0.30565522785565413
-0.5350746905320714
-0.7785090187852912
-0.12324686150903208
-0.8115701291567272
-0.6270212499389993
-0.01306149171505
0.5571703078772159
0.27362573179493266
0.1477857415827768
-0.07320242361154206
-0.9845697770226396
-0.4202234169282204
0.6253572437491215
0.16209340907611391
-0.5135013385411762
0.30201779388124095
-0.4720113774903787
-0.4561059407148522
-0.6687034711347777
0.055700259043974576
0.449464115048555
0.42985989262966795
-0.7206524585372676
0.5801405528907537
-0.08821026033978496
-0.3872075035133449
-0.8626676218158136
-0.7159968774867993
0.6605850387677017
-0.343045178387297
-0.7153474845235772
-0.47447000536670014
-0.11092246996457611
-0.36731634069825514
0.23280221982355975
-0.9572099263258753
-0.29594971460271324
0.8756013106282987
-0.08451081203041699
-0.04373982592720793
-0.5455768771359915
-0.23094676757197297
-0.648337662952692
0.4268418932631457
-0.9908634169020276
0.278810733129895
-0.4768543578226834
0.59609744205054
-0.7224839021983742
0.7423490556514962
-0.14691920796080726
-0.14463969813023825
0.2139691078412569
-0.42867053748709827
-0.5940505960917246
0.9331026061205132
-0.9673961997754108
0.10850704425816637
-0.1823995322891805
-0.8464518920410264
-0.786882965885479
0.13406746703504968
-0.34574728680572164
0.834172652304737
-0.04697496615474295
-0.12296683100560823
-0.17038841832445906
0.10372959521853398
0.36290664849511556
-0.28485409278513574
-0.4328918629768972
0.10256557894470131
0.10651834867421694
0.24792345446545028
0.5444509474534485
-0.10916494222570794
-0.8927688895594001
-0.6547395699007996
0.40507060997308564
-0.9645625442027299
0.24168528817793922
0.9467087402114607
-0.4568341123188171
-0.496158806671426
-0.8650685062783205
-0.6625754648889886
-0.050020804632020965
0.47718188835979314
0.04792947395724978
0.871260821397708
-0.7623072854563615
0.3998341747609211
-0.3583590398760328
-0.18449524674194873
-0.2404734397312649
-0.8676586745169783
0.8216157332609764
-0.6648501826241531
0.9980021875434608
-0.7527917814443299
0.9612628689810427
0.5353062132038438
0.9536808636490282
0.25365427811848607
0.42125014055918797
-0.783423697606549
-0.08279148900279676
0.015489536941935
-0.23012578643201254
0.11838311263665524
0.4773588662844368
-0.8269572735383677
-0.025038377193805417
0.6619813897001872
0.1756192445282041
-0.4618710581610106
-0.20717253385376155
0.4918498882095337
0.6404860429410708
0.47793408128752546
0.03449650336002286
-0.029548730732328554
-0.6227240589615355
-0.5413513645482313
0.816580286040502
-0.017190787112697947
0.2809497774639964
-0.26836238562408843
0.22590313445921595
0.8720766088825442
-0.16206423784946544
-0.6150610501963842
0.31756920568104174
-0.5875062714859727
0.6011464066175263
0.8051197668882901
0.36157201329977173
-0.6964854954394935
0.35720415783227244
-0.03385959249461168
-0.21686937689365227
0.13538108460728537
0.856687444710412
0.6980660070976605
-0.9547456556700662
-0.9137414371893375
0.1788447856830504
0.3488237837811736
-0.7820495536807894
-0.947639463721333
-0.988319042616383
0.855352856288635
-0.21733070917627284
-0.7758525029789833
0.953487912410016
0.10080857234708906
-0.8919001725719484
0.8317626293438889
0.8174171651726159
0.9114905748515749
-0.8349065982265111
0.6222604996178176
0.27046660957444324
-0.2633422431680308
-0.8651413421202139
0.023844993962356842
0.3808269626670966
-0.32074368200344994
-0.5411387405440906
0.7685041232565579
-0.307247300651432
-0.43453227930749616
-0.4775931172725407
0.817022571276707
0.31279412768231873
-0.9742940961176982
-0.5789393453175995
0.8196118316169252
0.3016328525339844
-0.29913132316194746
-0.35488005923428156
-0.7853446159889126
-0.8237103255301053
0.5770205776882551
0.3225280438305296
0.9669159607325031
-0.36218858505709717
-0.09779272395966698
0.9134409112759085
0.20487503014151187
0.38257282982168483
0.45575802752328975
0.018403702138606093
-0.4467344300702205
-0.965828985815385
0.18432675807520393
0.21013516715952418
0.51106674671095
0.006235966274574789
0.20702035732989543
-0.6644776747787926
0.6823083225253632
0.16999008112520952
0.7725066254460993
-0.6533060023712149
0.9949439968882889
-0.4407990499650296
-0.09525794032063972
0.42999868306467626
0.2609343612069228
0.5239371985669559
0.17720738433062033
-0.5089909238460932
0.944732482777169
-0.57355559611345
0.4425051102388915
0.9630173261876833
0.8547032758680779
-0.47509170247816845
-0.017607580262422484
0.4498929443909674
-0.43042669956448254
0.43672197955844805
-0.2497572273507278
0.254353460345214
0.31125965689931423
-0.3999659080954987
0.9353870642922795
-0.6255130148782393
0.5864546745343842
0.23306266533799613
0.8110213306009477
0.537758037560851
0.789163256906698
-0.8445386694459125
-0.22043177516467694
-0.2427144421982974
-0.6726546814893282
0.438724067905242
0.04605101309058135
-0.03211091994129589
-0.5104376067754761
0.6190183622008063
-0.9269249442478631
-0.3795994212449658
0.9295138558849705
0.8270421439047073
0.2624183058819787
-0.3216524730003787
-0.4722512316607097
-0.46778792653051804
0.9471849718640981
-0.17496303535211855
-0.13398136915954995
-0.29481517538706603
0.9638234683098017
-0.37206720327865694
0.25697531839426135
0.2565091824811878
-0.5744844179643995
0.22396268221695959
0.6204973285389572
0.1390455075206103
-0.877753606877905
-0.4397976744356744
-0.276015251129174
0.018574117960862502
-0.24137441668167536
0.14512101202571692
0.6127826105231735
0.10446943844917422
0.33869124433622577
-0.11912393646280206
-0.040487683903193794
-0.6257860826362109
-0.6677181400330792
0.2794718912508727
0.8405684506109776
-0.4209882558931244
0.8549130593624019
-0.09874686579518377
0.45631734633129284
0.045861511238228125
-0.8048890149906809
0.29095127726269343
0.6604746598808937
0.9515951472603996
-0.9952684458828345
0.2902354048323539
0.05465566007700806
-0.1114072504839676
0.30916382710034984
-0.9998662540132184
-0.7051199833757491
-0.6692456705175536
0.4730971283477956
0.28878886132598414
0.24648298511976696
-0.33232569443152027
0.3673667897704469
0.4281771207427054
-0.5547086469679989
0.6377988389054652
0.3303570336467234
-0.4786196654244339
0.1607680819796995
-0.9483728079424534
0.07062494402004971
0.8101265783311224
0.3823019210280938
0.6598947248569966
-0.7005242473521913
-0.8922475453068244
-0.08477559783922306
0.9262915605615594
-0.04929164825964172
0.24394176357447028
0.8341627464279657
0.7462135584037468
-0.16936768133247515
-0.6044393119176772
-0.5145743872560575
-0.6654406507959707
-0.6128367464761793
0.6412347228904651
-0.6345308967050345
0.3731373202419177
-0.5902258370628708
-0.8398439942450726
0.5819802009566506
-0.3623426050615297
0.3635036791194053
0.0030326093485908423
0.9896806213314924
0.2808020833010829
-0.4245497401104261
-0.7735171330752544
-0.49466844561764933
0.9083423429635449
0.6604146580940506
0.4814005175422591
-0.6344887032721895
-0.7275879007074821
0.008440082035507945
0.844968417313297
0.8432799273006979
-0.15899543926057724
0.8878387787721809
-0.521673209276245
0.3463763424972939
0.255375183996454
-0.8381371339092025
0.8837888309900879
0.73840453712066
-0.742972743621471
0.18777662211779633
0.44728468146467915
0.17851887218510543
-0.9480731229417287
0.5087132209317629
0.061302830785125995
-0.06745008719059609
0.5590468853223589
-0.25139583048953096
0.6490833775840912
0.39020339516706226
-0.8417814340313492
-0.7761153260608307
-0.4623846188987879
-0.22045615390137874
0.22678259664968126
-0.35605755110559745
-0.34038494070555636
-0.5370726135436557
-0.10894310110378536
0.2986402375355892
-0.5812900136714703
0.33018117378936607
-0.3959646422053389
-0.09641212304897406
-0.7636470360655974
0.5888321046688687
-0.2948627998003359
-0.46695079647686955
0.6490578878923325
0.3863493930598709
0.9051329194531053
0.12998401189188824
0.6458152017256831
-0.11071036549157176
-0.41508993743487643
0.23631538938403374
0.23467238222476583
-0.440656339632163
-0.07918506083758103
-0.9310235381145247
0.8205279836411266
-0.44871983179164765
-0.7975147581002555
-0.33615830602723396
-0.9286705557679862
-0.16965196633668667
0.467286421151639
0.618657250680247
0.3842502598297828
-0.3938137534029087
0.8112772431735085
0.5075354053527743
0.5162132699352768
-0.8331806290757706
0.45196995176786325
-0.34398331340530763
-0.2540601565867786
-0.40514501598195096
-0.693285595675563
0.5344874849628782
0.5342347411921446
-0.6293142610335067
-0.14280647025129456
-0.026457514836676577
-0.9846417407128731
-0.9624039568256588
-0.8417151509468681
-0.8971147234640524
0.7334465670065051
-0.7171778954702122
0.6667158550819954
0.7240219451602323
-0.6903440418900795
0.3660315758761472
-0.8742288027991791
-0.7956226741338481
0.11415971771586131
0.6001630343855919
-0.6907341941172023
-0.6804129688743905
-0.8760417714646072
0.8548661063784482
-0.12426110621388808
0.3738611169855939
-0.8722829174131919
-0.5566643221055911
0.06513802972082283
0.9037059353465167
0.651248805939264
0.18315491499203462
-0.6132142684378694
-0.08711084000813152
-0.3434530914323193
0.713998139431065
-0.8136633785661664
0.4874113187193059
0.7518601600362977
-0.6087864937158942
-0.072225613026625
0.020037421133143773
-0.40797329451237063
0.7097731978716113
-0.6010764104313591
0.896212810278445
0.18815998161043845
-0.9962760324947504
0.23872652076477197
-0.9082318796323197
0.05065458549558022
0.8326419991467224
-0.411966959179467
0.17379733798276886
-0.9853155866992283
-0.8917939330967184
0.003411214504420279
-0.02969488439590995
0.5597726056994228
0.9444749726899544
-0.8051088994573297
-0.28206943586074074
-0.707939675157446
0.7868330217363924
-0.8927785973898392
0.40187339153535007
0.9055229733575598
0.11953226917378723
0.7251456855800442
0.6554765993414766
0.4371262270354319
-0.19467291585238256
0.18531701761298391
0.6661796074369235
-0.9741039981134962
-0.3604623725909417
-0.7011317253154292
0.6506272123415804
0.41238441259865466
-0.14573042012866866
0.9183048505196054
0.49769608008485067
0.16671668724721478
0.1868961183775042
-0.8419704169560784
0.23262664857497128
-0.16796156835595832
-0.3655030447260055
0.3724058200276885
-0.5032418113887349
0.08219667614618631
0.10395578384147353
-0.3631302357875321
-0.02534322556418278
-0.12205882165899595
-0.5195963927644862
-0.5006525761810305
0.8006771296024677
0.4858063281202645
0.2859517654157253
0.12586178320670527
-0.8848053383768058
-0.09951198036847675
-0.6592243240347653
0.29521457620547853
0.6685401356066176
-0.35050690742823987
-0.5632690617453044
0.013308355765333069
0.7772515527613928
0.6385395985587659
0.6413358376216078
-0.23637346395710201
-0.6380947259883305
-0.589918373096129
0.44411013764094687
0.7397197402350724
-0.36561161356848526
-0.00993674596800087
-0.49448958446657354
0.8480409272308336
-0.49294773831286776
0.5834227494462763
0.6236356941000354
-0.8063947841979053
0.9293110695037172
0.7877002418778489
0.3483616176686013
0.7747031611852093
-0.5164244463340246
-0.44105371197558485
0.3336899332917813
0.2472732250277363
-0.14240532279519735
-0.01918287807446717
-0.9758390195917759
0.5552257203730164
-0.7444143062284829
-0.03261888081591202
0.6115624410543274
0.6213112663296947
-0.6061532270781611
-0.9771347398636228
-0.7459770216584545
-0.30100422637273905
-0.7276530959720771
-0.8081366686972453
-0.8039468274435553
-0.41585594107359736
0.6827276199213714
-0.4009438633100122
0.503722205135642
-0.5552833929168677
-0.929104516499625
0.304074883026054
0.05606315348973512
0.2241469647757035
-0.5931637766346523
-0.2688715685571337
-0.058851312384013976
0.052723921786768546
0.8798869547354351
-0.9922018098510792
0.4327314316527091
-0.011114693653769603
0.17004859402391226
0.722190213739931
-0.3695465133560809
-0.9280605148147014
-0.10368813755555406
-0.5841212736256822
-0.18952767039063279
0.6525101135593574
0.9156737604899181
-0.45546534155886365
-0.6537826715821491
-0.2086088881330994
-0.9565302357304368
0.47962852816138346
0.22270048252436725
-0.9247568981439871
0.09015421024816961
-0.05417967044558125
-0.8008028322851168
-0.7130282109098056
-0.9259229696361779
-0.3547606078387435
0.5021463633094041
0.2628553464186796
-0.3520397751616793
-0.23324861680238618
-0.9336002812676631
0.9261821319492216
-0.35198821513114975
0.7465328307737669
0.33284172647787313
-0.8389018639687498
0.9518144254243115
0.5333353735536557
0.29593480184931886
0.5142100583360536
0.8876922925818129
-0.2871699639601495
0.9325729788411725
0.3901021376985856
-0.04826441648655422
-0.9896893075586419
0.7912512746605889
-0.9415382726318442
0.351154799690363
0.05004293870841581
0.9846267236580495
0.5536328856613446
-0.7838307506232547
-0.5681961277509857
0.42170343291199863
0.5260960438628244
0.2496625067454321
-0.9016236545824592
0.31715934871051443
0.07827992945503315
0.49200197106134036
-0.9130701675863726
-0.7341847466024496
0.7590738500447722
0.896896739529097
0.7423393816886676
0.5703460283762438
0.6135220327968107
-0.2681483005628844
0.5546941521377549
0.6125018245825076
-0.8173451861061563
-0.4979503930673288
0.4201347080659352
-0.03034197480280465
-0.8837544843328691
0.7845421882484649
-0.8484781235642274
0.7086277323579386
-0.7466034385671367
-0.4748149879791055
-0.24700821722354416
0.3500694290808104
-0.18086166751611366
-0.9640536800498074
0.2154915334707792
-0.768835734967297
-0.6975430636316458
-0.9782060465847633
-0.9000278503712558
-0.5277271359618645
-0.6277554836574946
0.3400363565120501
-0.946423428021399
0.18214932818322493
0.6278774558604989
0.9949286516358113
0.34769354662889684
0.0925976935711037
0.8254956260096828
-0.38393067267446535
-0.27257030278281613
0.33136543655032247
-0.2912454741381967
-0.7600631197408432
0.2879683174358343
0.8213128094281448
0.6127423436344857
-0.7437180465692181
-0.30456678399821824
0.06720419671775879
-0.23836093067736686
0.14396444182867496
0.7842927459169466
-0.26788296552237334
-0.24079071713568556
0.9259845342384887
-0.6824986270840032
0.4989890343440626
-0.1239357004960131
-0.621396287003309
-0.931466533122197
-0.6220774580231931
-0.14905626128223348
-0.46903153646617435
0.7816561364973205
-0.8767725385052949
0.03527953711924514
0.31473856024976055
-0.06649002633381285
0.2937229565893342
-0.06509466228158223
-0.9281979536814431
0.21203496081498052
0.6554506713256054
-0.8051943257314926
0.1923907898085484
0.378453360513225
0.19546871112913866
0.3088383454449266
0.5615469516123097
-0.6630692182221041
-0.9533191883461747
0.6649373038429904
-0.4460040888723569
0.708291258611792
0.4270584036237004
-0.9470742958545086
0.6924675575859713
0.5388273423571128
-0.5039995800967239
-0.5644535892134868
-0.09060511841535446
-0.6793626347012949
0.6833803214237166
-0.7222444050096244
-0.518784469557644
0.026798881057634283
0.22520787019646882
-0.46983131623956353
-0.7945066033927861
-0.15874427792219015
0.9103823789520851
0.6795896514992354
0.6262261220832754
-0.821877333359673
0.38151457034479597
-0.1958035268933065
-0.7477652571779161
0.3006067516359865
0.7400970643107718
0.9560511520798651
-0.4773162378332061
-0.15232303277983306
0.9809757178627012
-0.30916793679023646
0.09109730853355158
0.9642759631990914
-0.9557257665812515
-0.4473389829150194
0.8733264868415951
0.976376927808642
-0.3118379885114302
-0.2059004172243748
-0.32997951148617055
0.22441574274055487
-0.7123233114044765
-0.9230608923318284
-0.395654553250933
-0.20283680938507054
-0.6316210563588314
-0.735358319004042
0.9616521465465682
-0.19078602090524832
0.6793331512076994
-0.1802701214937481
-0.7817650620982706
-0.0951157001648344
0.9292949135202142
