0.4623365341486494
0.47104138805402895
0.13961026547229505
-0.2798207526961938
0.5404800649607138
-0.9559711401765827
-0.2186992688539462
0.2772772589069228
-0.11640035194895626
-0.1620051239050948
-0.7695841071469585
0.5216629024734054
-0.5411251156065169
0.6092199674444796
0.27241523938005097
0.9759701646555468
0.20788997692106603
0.487511986782156
0.0159184807104662
-0.48355153647177085
0.880682565788073
-0.47999567738876614
0.36023343134463603
-0.8199990679462146
0.9127353555027806
-0.30356098635698503
-0.3293981665126102
0.23544203479167347
0.09035241412351214
0.2688893800814669
-0.7670081928638326
0.8940567785499627
-0.5345067095998486
0.23811354441316412
-0.3599742762378395
-0.2996811980508327
0.3605033360385801
0.26130111806446576
-0.22852084526041994
-0.2843746045704387
0.9194366043904396
-0.47335864398062144
0.9902594817197468
-0.022266785033085323
0.6649136837539169
-0.013935266425546988
0.4875318463054845
-0.8131616141561029
0.4437962696337232
-0.010451830088650027
0.3094613998777107
0.3449479081035669
-0.5834187518459975
0.45479090620200946
-0.24879625912344894
-0.2655892976183112
-0.13985897069787612
-0.06332673491642149
-0.4323781172178274
-0.22594114182433733
0.1003710008795502
-0.1172022997349984
0.6913178062885477
-0.3171012157164639
0.11208132724179398
0.43572209626382463
-0.456714843636592
-0.8315867295847585
-0.711420471522386
0.9299873406396904
0.5923318408543565
-0.665504566174147
0.08809771089178442
-0.7405115801856641
-0.3336548071814538
0.7850962694257766
0.6323471131954603
0.7003111257306252
-0.8252369390257352
-0.7509703942870454
-0.8986134324638919
-0.9195517832096582
0.7558131976007432
-0.8135331811056083
0.47598816038648684
0.5251598212158468
-0.547346291660868
-0.8971427928907159
0.7908109161870573
-0.019003532737461803
0.7991663903011896
-0.2982928011086523
-0.10442910352337842
-0.15075615625187622
0.3700495282169425
-0.7026315443195039
0.6188879983295501
-0.6815517832221656
0.6008484056584478
0.17860433625889316
0.5208848753442972
0.770813283799455
-0.5517949940435027
-0.870072014734431
-0.1727287577953387
0.4407512261902857
0.7883690917138644
-0.4381645142427999
-0.686455911987705
-0.14023514841886708
-0.8842182944697772
-0.44659022510821345
-0.4476300900472774
-0.6259754795666796
-0.6266809107866393
-0.60618183691623
0.7018031269711731
0.737580439742922
0.10927364979580778
0.22482146897438815
0.4739464585012536
0.013158068539178114
-0.4989303674659298
-0.2460501536459634
0.6589419887040675
-0.9647817186153076
-0.7524904312272565
0.9029034680633594
0.599021670935894
0.8837676059025634
-0.898180292131932
-0.6456292809886088
0.8008998122272901
0.27868654725904074
-0.7212718491220018
-0.7581108585831671
-0.7150763219407592
0.5266632042889152
-0.009063009267956446
0.8570122366880835
0.0341187574273949
-0.04935615928778736
0.06582716795980437
0.04896538579286025
0.21118284837702772
0.7400535736241207
0.16296103048230126
-0.49228186339889746
0.20357897397719782
0.9698096579075268
0.6880822991981872
0.03573473951075501
0.6780285233364327
0.005226336685310251
0.5708947812597085
-0.646925178621276
-0.2953665661802387
0.6080525924244764
0.6056166291890288
0.6345336823037404
0.4479043847957853
0.19367930809830103
-0.1861777898483754
0.17079644514750614
0.3011792465513681
-0.2422094932957215
-0.9279581231625031
0.9482498829747428
-0.35671715922581937
-0.7399017251548039
0.8753785418358513
0.8072090797730014
-0.6368810108452654
-0.10652866530780791
-0.8218460747243879
0.0198397215418864
0.11783898849886043
-0.8108327986809227
-0.4858222055556167
-0.7012397836554074
0.39916068727293874
-0.28848540577425075
0.14695736228562195
-0.6613903420125644
-0.8389731092580779
0.8916772090020619
0.48772296351623723
-1.350071539298694
-0.8947869679881326
-0.07482297539084293
0.7080599731032717
-0.09296133972664666
-0.595810635011266
-0.8763448631271871
-0.2860046199003379
-0.30210955438518106
-0.28292223351348955
0.16012143371912257
0.2696569218853848
0.14560155351231563
-0.6136815443438146
-0.026042282529048943
-0.722624820490549
0.4627706217261056
-0.15685140094630157
-0.7034787645872504
0.33468225274049157
0.6108064424723922
0.7216901496949131
0.1830458017209744
0.007739602803999102
-0.61469170051266
0.03290701051403788
0.7475811707265203
-0.7078650347814279
0.8611424071833746
-0.3963981689264364
0.7033206299692223
0.6853284026913928
-0.8513498807584923
-0.3447413374527222
-0.946850209427045
0.19399751399204135
-0.7422006806482577
-0.09692385388318892
0.19880872215572598
0.6354091480407122
0.4642167698949997
0.6632473001179187
-0.8684869688032446
0.5560230153151768
-0.4563862668048313
-0.4799306655765112
-0.6880913413500731
-0.21766166499486594
0.2723782696632142
-0.6175030195383018
0.03351675837682233
0.39288179057372163
0.9943945728783317
0.6197701006287675
-0.07520935864229461
0.48354730280748415
0.8076561609611579
0.1163607223677019
-0.30094305183058667
-0.026075456674482744
0.40968454094210927
0.0486564323117169
-0.034398581367240055
0.3813474715674947
0.049016377151233304
-0.8037853268103623
-0.07121707459055182
-0.7203442406667264
-0.5641993618288952
0.7724466574524067
0.9073975119808493
-0.3041100165067512
-0.2118733250875806
-0.5346953636438765
-0.585921910998124
0.7210686694625554
0.49896671191220276
0.1931522619122612
-0.7364259207426671
0.3983261583550277
-0.796308902344915
0.19199900137356085
0.8720987941410057
-0.23153362402553945
-0.2658721818118295
-0.9702318633399174
-0.3994127966424661
-0.9253689581093667
-0.18545706315691834
0.5417914216042932
0.9770293835089259
0.16391221669250378
-0.13383621581063698
-0.6015771991218939
0.3509491185633222
0.5666264088585264
0.45849523450263474
0.9163242054298486
-0.9096629467281785
0.8647425114400584
0.8963099547617857
0.03842801065450763
0.10538313103098984
0.47233017876896444
0.4504874503202214
0.07001597042869845
0.3291749482232551
-0.30515270421239116
-0.31840251754218585
-0.8361996165569909
0.6540352182144717
0.8851457614628631
0.05771456798770691
-0.528501188657394
0.25642991374950386
-0.47912011760919704
-0.0667343757356531
0.14463509518891637
-0.6710735533558574
-0.9791169400317772
-0.46406385858995325
0.7209805341326261
0.7794013241288598
-0.4781560580710176
-0.6063827290089066
-0.29951163065172803
-0.7595166128342212
-0.8183449051151199
0.533640919162663
-0.40575609706793614
0.6888916310743989
-0.818852122160854
0.5475026475995466
0.7994979934076358
-0.687715744604251
-0.6092108996417269
0.8298674311090672
-0.6315970867473681
0.496239353193793
-0.30986152200454775
0.9270174083699607
-0.9231749283619997
-0.48512249494505477
0.9733895104135497
-0.7273147812747087
-0.844070371824889
0.6821487237809252
0.23370696238798327
0.607033580992514
-0.27813608886832375
0.24883466655091313
-0.9873346438897603
0.619609434795136
0.3814857372009315
-0.6538963892459138
0.6932423903585532
0.9072028844253452
-0.10997640019815913
-0.4295132986782142
-0.528996374849656
0.38293768279275975
0.6786805125661437
-0.1314806960032251
-0.5216405788509308
-0.776632796864015
0.7323737516717692
-0.14456697660376383
-0.3670361141176377
0.7172311637988158
0.4916775334152139
0.10156392953740534
0.5598918050238302
0.07821453552189439
-0.758941423680985
-0.9330632304923894
0.5146364806209638
0.7645551753662203
0.8889749238705251
-0.4129544877072573
-0.5238539325966922
0.7280678660778928
0.16532958543794551
0.583127608762191
-0.04429677431973422
0.2853682533311419
0.8271117299798223
-0.33201440490314527
-0.9979485271274458
0.15108785581282325
0.3094799722140569
-0.8898684867319653
0.6039445579021865
0.3754674263311024
-0.7873931190951668
0.3804666703479458
-0.11549255630500266
0.870088679998668
0.4359416539810286
-0.6718127285165338
0.9251249477306844
-0.5237975107080928
0.01040577951556143
-0.07001422675396896
-0.6283805196940344
-0.9441782370429945
0.2330988405001473
0.9248526145075355
-0.13840349472670743
-0.1894600168041154
0.8490887567154299
0.8081836329694365
-0.6890556569472026
-0.8003353381312204
0.6142309758401856
0.4681465130621203
0.10318244372123253
-0.15922572754632958
0.6192147964147781
-0.18976937242262348
0.7890890423704517
0.9258893214280408
-0.02911387671988619
0.05517632116434834
-0.9599668567231561
-0.105712456852328
-0.5315785258173755
0.055955959322611104
-0.36013433955798035
-0.3876090726850885
0.825479533916198
-0.9329535526402797
-0.71364558915332
0.22691227783657153
-0.5532988657014783
0.30624230114616635
0.783721632200209
0.5743567825943203
-0.8146717058285606
-0.5607115419286783
0.36359756317853664
-0.12247262241746082
-0.08729882631302921
0.4832877196797627
-0.032196339357407844
-0.48356836212652254
-0.4029123422712826
0.9032125685212793
0.932428381525495
0.7518362189824552
-0.17425479764372076
0.21575424858991132
0.17748274183607426
-0.9011877713893255
-0.5003477490242285
0.07980337294715723
-0.6285098510119704
-0.2137272093910232
0.3633881210503076
-0.8858710768768616
0.7025030725430912
0.3128230844774107
0.002869997566912197
0.539550444671987
0.7481337513415327
-0.9161350488602693
0.5277945812834406
-0.793882995554084
0.4778018064661729
-0.613285194846092
-0.6114768136943893
0.06780723869574379
0.0797620858895125
0.6289606270071713
0.4896251543536687
0.45068020993294144
0.24993148776078344
0.8517638290246561
0.42998667302657756
-0.5856310088139876
0.6765980968318752
0.20090188662158148
0.9893058972385478
0.020375937149883505
-0.0652164750143096
0.7935099312165721
0.35121298590084793
0.8685204678516665
0.4516521402107152
-0.9552057933803955
-0.6614524489180611
0.16185285756307177
0.6058293197320115
-0.7784201187346822
0.9800595672710055
0.9183497248342629
-0.7378926913842574
0.32929435546624086
0.9251696720927005
-0.12795324286401577
-0.7246737032039388
0.639181175261406
-0.7325898243701983
-0.819801521769842
-0.9133429381100489
0.12853279015428143
-0.5541269458588141
-0.24078174954949771
0.683849635811995
0.17721285074210602
-0.19631541772075423
0.6015252391273718
0.37004125856012626
-0.23078936707882214
-0.1312717837585735
-0.40456475233465605
-0.14247823219713895
-0.45787672561918313
-0.8714365042566419
-0.18360754401486412
-0.6303861782212348
-0.15128414672558588
-0.4574253191934594
0.2119917247386396
0.984249987126236
-0.8601886483847996
-0.22034768609163802
-0.646267572244791
-0.8316441463973714
0.9508926136946867
0.026900701280498485
-0.11445292367666893
-0.14584729071831504
-0.9648103533133243
-0.7961254210488891
0.6412391406994482
0.712932284060769
0.7244145916343614
-0.3020528438627599
0.1146545000250474
-0.7095973871172823
-0.5956239263655396
-0.9414516428812045
0.6851603547497298
0.31897095873629855
-0.8584425731166125
0.5356528173714037
-0.600521457801261
0.25744050938993457
-0.9693074762222151
-0.6547516628069294
-0.7015180036595341
-0.3750508399721397
0.9725786710431055
0.06750688281119954
-0.011020174847556241
-0.6152892383966932
0.7310809602000017
-0.1067872871971085
-0.44160782326091574
-0.7008497533550302
0.5259431934968313
0.008962331191987971
-0.7208473379839804
-0.9014799895371013
-0.09198908310251053
0.23813869285440648
-0.44399314919461474
-0.830468097386345
0.31589548224556907
-0.7697254915655423
0.5184294952581512
-0.7358394356280473
-0.868530282530593
-0.20008937895257928
-0.44460723141776404
-0.8131689486554747
-0.48108950591494093
-0.6441993264109689
0.53931785495943
0.49101387342140823
0.6344362465475255
0.5578653179904052
0.26264118378041923
0.4060100271672362
-0.7199188024408558
-0.45166613700310254
-0.0017682520280613012
-0.7171137125426559
0.4825575216270215
0.69689153104241
-0.766910342026311
-0.8241386779666149
0.6355471599151121
0.38071098985409035
0.5386800962006486
0.7037947448451352
-0.6492422732595169
-0.5174622614629709
-0.4412505687967365
0.8072191744632233
-0.15806251893716006
0.5702120900811223
0.6970857338659711
-0.33666119745526846
0.86789810935776
-0.9389359817527443
0.281688710053269
-0.35053159843890525
-0.22722715501753354
-0.34695587781786896
0.39327679780127367
-0.922648175154781
-0.6865542951108803
-0.74623151356186
0.21562605819204395
-0.9680539730013309
-0.9930914094315888
0.9939011024728197
-0.574870578806931
-0.20202107624205246
-0.9377685786455792
-0.7551938772963318
0.31101012747271684
-0.6641647517625309
0.45036923124836203
0.5641819333040106
0.2129596671528251
0.34483521948947926
0.15499015799941906
0.9805901313730989
-0.8445022406970533
-0.30150617893131004
-0.8379290662469945
0.5049048861296721
-0.2921124950558873
-0.397093164920268
-0.46197857686957455
-0.38971234367094
0.2720285428185889
0.307672293044261
-0.0589189102127321
-0.09276056548690903
0.7147059990757905
-0.280199555759455
0.16046085873072347
0.2580798959621413
-0.8593330653607425
0.8964275208436652
0.10787348682373477
0.05040146620825281
-0.8126580051094656
0.7027599964943558
0.723141023070716
-0.8771830887179211
0.91597046581622
-0.2836984529039648
-0.5223854893932147
0.1754234851806329
-0.36160762414901493
-0.37691803994521145
-0.5257056457682445
-0.40921495199647673
0.4079986152003001
0.537839681135678
0.40726905399564384
0.41521438301059277
-0.04847132001263921
-0.4132053229207644
-0.45091343450953447
-0.5556550277445327
-0.20480110157755727
0.6335690147926374
0.030798645838039818
-0.034021349456955896
0.2833136763554003
-0.9241586532654602
-0.12454852291835738
0.8745030650821657
-0.21499834846124832
0.7029042602842765
0.8886680148011732
-0.04348474953997794
-0.6137465062827712
0.29999055413773323
0.12063322542187693
0.39843787171577105
0.39809949277325485
-0.08215197330496338
-0.07705530215164247
0.8081896428062096
0.8807263349742707
-0.005417205471152542
-0.17005326435318358
-0.8770218508332
0.12176921739675883
-0.30549132469545714
-0.0664677740171764
0.020413766885028828
0.13855930195553467
0.3498814532090173
0.7701063980992306
-0.9725498933996617
0.019171704593936578
0.3480158401262168
0.5760036468026972
-0.47505268074384643
0.954958782944614
-0.5540597673193792
0.22188761161617698
-0.17551365949812103
-0.3091859655514999
-0.4412495395163156
-0.6240470734991734
-0.6338925566852729
-0.5134551785014834
0.1426371204824135
0.4519379996393371
0.7116760639558786
-0.6329251920411578
-0.6840771154930252
0.800096212770355
-0.4758105860712849
0.7682164492656582
-0.7692060256825606
-0.2950643285045311
0.9014606547461979
-0.26597412622801153
0.15909691649112023
-0.8871396810313357
0.3034651211985633
-0.8206334955441328
-0.21377205151489953
0.8767928041593902
-0.9236992565882791
0.28831966012748644
0.2312014205548234
0.2269365560097305
0.44874119703477877
-0.14810508855803306
-0.7479026586031785
0.8921116300021339
-0.3100872652227862
-0.6544552974432953
0.8175859804383836
-0.8340766232694676
0.43806590755552177
-0.22589171797298357
0.938829812678367
-0.37059013496477267
-0.9628676179822602
-0.4682733234680896
0.8012651670516111
-0.8200613156185104
-0.7182173133202285
-0.5807803465246799
-0.2573354261001506
-0.5759374817803504
0.3374813788219928
-0.850042130720805
-0.5497749297292813
-0.5998893914711894
-0.8173125750338901
0.9747513810842698
-0.12777263055009724
0.1633033617148949
-0.7906402579610456
0.08493278017765515
0.6501820996310768
0.18672295759552515
-0.21276986796102637
0.6711399722462348
-0.662161611939144
0.7933413418043944
-0.9716323378924012
-0.04826522974351688
0.07408174691070979
0.4209694528125949
0.9336362228373285
-0.12736503107823616
-0.10803267593042509
-0.9031557007363102
0.6950229545406219
0.0476070200917289
0.8098629330821945
-0.06923929684585683
-0.6359576904129853
-0.10678762555179366
-0.06623389560769688
0.4588809614844318
-0.9353257872795875
0.1821891191023166
0.3686330494179253
0.0825898508101437
0.9816460688627924
0.5996798915445369
-0.903889109127205
-0.633255139011391
0.8079830863979169
-0.9325717999715009
-0.8463524983991348
-0.7534396412296034
0.9718808608411234
-0.8725479706296113
-0.9050914812544559
0.08547781523968778
-0.7608138060066434
0.2891270673990065
0.4991583540034612
-0.8972209215683482
-0.8497650233520346
0.1009633086816879
-0.42315615462057865
-0.5290356617824354
-0.4592789804540014
-0.09344850335244148
0.559504577139232
-0.3751412165393413
-0.09766511696871216
0.1827629808587199
-0.09683268287492153
-0.8044898965039748
-0.776727249687871
0.6794978196427999
0.24654898781808532
-0.7198005183494636
-0.6652193480425508
-0.6748843118130923
0.05054154602861782
-0.45872600204644254
0.40473929064661807
-0.8999512426788607
0.39292364526911827
0.6234419370973927
-0.8450394438574675
-0.25541213820620756
-0.8283677001123904
-0.24457929445549276
-0.5134953969982128
-0.1754080793171986
0.45880433261560327
0.9397926183070711
-0.005253648109480036
0.4395044972320976
-0.1456522222157921
-0.3309996516102496
0.44565543181580924
-0.472380517996255
-0.5161404466728596
0.7511283272315197
0.8683213053284211
-0.6600594498819334
-0.04010223547817171
-0.2597310905096242
-0.5618135535608406
-0.11381087168821669
0.19737823663873755
-0.6260554604275841
0.8310816869709061
0.5011340120262262
0.604744319953292
0.19686837189572248
-0.39121717281044877
0.26765191153557444
0.49470971881426795
0.18779558501293936
-0.18772986233247835
-0.11497595431525376
0.330441256547505
-0.2974636507972095
0.24684246262227916
0.012179030471976215
-0.8514016447573338
-0.6841242687107014
0.5108797796054825
0.8479663161853424
0.932175951604993
0.268206798963047
-0.672020425688892
0.630674252183407
0.9690690336425107
-0.6701278046385166
0.6975325281355746
0.1027721295124584
-0.2080948369143556
-0.31228182276415684
-0.4708322056170706
0.8222528541226715
0.5298650732876684
-0.27442439860336165
0.08883562601637518
-0.8277986985022019
0.3538527898746411
0.7675733094513997
-0.07086178692775391
0.2434231390802184
0.17580283470086444
0.5043940164154526
-0.21817108646355043
-0.9208278864889694
0.08643899609965722
-0.14192842568049135
0.5073162939533713
0.7684789400037713
0.19764787426045194
-0.9054269222017846
0.11198222544603231
-0.27018309256322004
0.10250115588474706
-0.5880983107959827
-0.07738445771601299
0.572076149181687
-0.6975457999847143
0.05677448739446822
-0.609707318905349
-0.4850043979812195
-0.22217268520919653
-0.07422968768021576
-0.19838697294393448
-0.1193832360089031
0.08410298585109022
0.34083832802549807
-0.13925627599629076
-0.10357164161273147
0.01674790684135541
0.4199102804890207
0.6540839767019837
0.11559917062775993
-0.5491519676956904
0.4638399971840377
-0.6849658299881538
0.9327777848365755
0.4292027503417737
0.8231825419868022
-0.08378489238053843
-0.7625317040746924
0.614802341380932
0.12963367547511462
-0.7512770661364958
-0.964422671233343
-0.9817130267159708
0.18252797707066248
0.4169120111842459
-0.056029123720113816
0.6444831919105205
-0.06340933472771981
0.9377352283913365
-0.32921504886718544
0.7152546078367492
0.39100948950159164
0.91759123424817
-0.9383391536606958
0.453671944883971
0.40525995300990214
0.05099500441513394
0.6122417197069745
-0.5611953079248719
0.2702487281505652
0.7893539524499515
0.597854826133434
-0.45425621706140307
-0.33851255384173706
0.22051503693207408
0.10587593334789602
-0.47320119936499516
-0.6590615391991554
0.2253030296441847
-0.1746184192743172
-0.3748897019585824
0.02210846380345144
0.024020282517521085
-0.0698030023456564
-0.8422713204484156
-0.7638348408540212
-0.5178068673899556
-0.26908257044976347
-0.4378033234685237
-0.6582819247645206
-0.4265438979395966
0.8051681551223178
-0.7828743211318749
0.8643231190409284
-0.3470085299504926
-0.9865439005391208
-0.39669717706370244
0.770512937775607
0.3086876359298847
-0.5394124148575798
-0.8650671613379926
0.7970125298130242
-0.024598758114537045
0.46889098752475533
0.21087555495431998
0.8198494376359542
-0.7134978367730542
0.634088138451105
0.06644975765067418
-0.9826866804157257
0.44547823748879267
0.01539596230258633
-0.12160060735830047
-0.29346591050098025
-0.8273371053737235
0.5534393446197043
0.546356620849958
0.4300174988037728
-0.2830477295435956
-0.8956494013896208
0.40639466475038954
-0.9046685528517822
0.37216998031252535
-0.1047885970931346
-0.1253985899212946
-0.3204907725869113
0.7449543431250842
0.9183032951424144
-0.016402411649767856
-0.8348132062164852
0.1499508853088658
-0.9416556468008639
0.8028206288299677
-0.5150341877340541
0.36881922263298783
0.5844475026770715
-0.5161340531356666
-0.05301233112619608
-0.9057924892044977
0.2190061931799292
-0.17107928010445939
-0.07700471708883327
-0.014846447012706765
0.02038863645246547
-0.9831440503686486
-0.08832007011786747
-0.915030771085132
0.9154878726321636
-0.8052756338671281
-0.5444150692701597
-0.9223305761737137
-0.2587829498954952
-0.943075851463461
0.6243839382838576
0.6457110232870189
-0.5714258936112597
-0.8481633979851639
-0.42173982477510563
-0.3781329916723579
0.12622409384382616
0.598720870121265
0.19859647921264978
0.8929226574893905
-0.672446962175222
-0.4143939431465973
0.6402569099973299
0.0016827336401843418
-0.22351253423637374
0.06900215348456484
0.9633767951440468
-0.9113858160219763
0.5908487934628224
-0.023487683079612243
0.9922279972357675
0.608552011133876
-0.9071903989854988
0.8589858171645548
-0.49032067268271273
0.9366129226779281
-0.6887732193317055
-0.7335119434094506
0.47398421541024094
-0.04367598688348728
0.9697599453106451
-0.25742454748545773
0.3969570991566238
0.1221314675925318
-0.9398170352146495
-0.09408829316214584
0.38308266849027417
0.7916187467429419
-0.20719856217318755
-0.20586015931403434
-0.16733083361358947
-0.8244853972479889
-0.38922463694138143
0.3288259270738929
-0.024689460054506895
0.397929386742061
-0.6634245122790903
-0.7095190053349527
-0.3659001503574384
0.822692309405189
-0.016020335035920485
0.08832412263518297
0.6875708452192031
-0.25595488074113515
-0.9592516325299405
-0.9116518497322113
0.5878101576075205
0.9553464709487312
-0.33913475104219426
0.05888102982063925
-0.8312785398817186
-0.7788657870045257
0.2762886515223695
0.6960646893044551
-0.25133030255853805
-0.9765139543807142
-0.08021198989543388
0.5365815787120334
-0.2870501429997434
0.07549490316781604
0.6603707203028346
-0.3063908715051671
0.5960248699787702
-0.04924465227207131
0.23926085372727357
0.1453753633142627
-0.7694917980766212
0.8693471486194806
0.9369589424373337
-0.39281540530279235
-0.2803941290164502
0.7540474441060105
-0.8450755862472206
0.9344594943656381
-0.23989302503225707
0.599105362217673
0.38757587233226287
0.1410588427240591
0.13606658310540665
-0.18660650718003602
-0.3018254457820637
-0.1412618801300085
-0.8493910989223403
-0.6864004943644106
0.7257738749182643
-0.5816912549750826
0.01791687948072651
-0.7341109207634968
0.45046767587859504
-0.2174209956998201
-0.26108930659461915
0.9645860438642448
0.8549464140847305
0.3272963711098611
-0.6780569105892251
0.5259344788724647
-0.16493097700765613
0.7380199316606824
0.7982528867239709
0.09377062591799712
0.6668519586962676
0.7659492459727302
0.4444065780907631
-0.7594081394898771
-0.4411158278123928
0.28082691675585014
0.3676885552782019
-0.8645967375529064
-0.3548657713767316
-0.9126445626145157
-0.6909996245414676
-0.34026154799154895
0.11936851992355635
0.37242376882017636
-0.8862400430049542
0.16505075807786573
-0.15655941225828007
0.9993359364270744
0.8822710668350497
-0.49126580215886584
-0.036100524056303485
0.4621971416744026
0.7974152396629521
-0.33150324432917255
0.7213622902483472
0.12027211786957936
0.5400563129256128
-0.6598933925217669
0.3807336355484576
0.4329386721000108
0.958606369615346
-0.28686188632218457
0.713088697639185
-0.8601579222262834
-0.7893306425826503
0.6247293283764765
0.24624290898490653
0.6482965203331741
-0.7477237920144697
0.6086353504411246
-0.6064528565405558
-0.14438835669386796
-0.5969152311558408
-0.4975222373171482
-0.5500688823477362
-0.5704620330384023
-0.8073574308453977
-0.6642562408857704
0.12417760233604858
-0.37228688461919024
-0.9003555079219767
-0.4985033144880848
-0.12488629869141521
-0.7589592420224318
-0.7461189105835673
-0.619469978106792
-0.14269685043140967
0.6682835427189655
-0.4029105569401761
-0.24268472983762512
0.09258513452067652
-0.13982692907473027
-0.5128021422628453
-0.12818677910897414
-0.8957881756131787
0.19659215474238678
-0.045332532794597036
-0.9559495697644529
0.7789088887825306
0.7143072195899229
0.7687954177892871
0.5075373431780292
0.1192027397320019
0.7588878973111486
0.7857872429563084
0.28368879913531675
-0.12324641769915479
-0.460117129099213
0.05124922763588868
-0.12234238212780024
-0.10239495666364595
0.7245853345531401
0.07596323664719984
0.9336612089949492
-0.8930961586524462
0.7838684519131998
0.27601278431360754
0.6006369502815141
0.9468908241497278
0.24480676517281674
-0.8600168743990881
0.03656062962229489
0.5476961749936371
-0.09394639925839954
-0.9857827775988208
-0.24687559518165036
-0.8273060364928502
-0.4586786234531788
-0.1775046270876035
-0.13795554503547658
0.9867416966325155
0.3460156006591699
-0.17357327498905661
-0.6753298994557322
-0.19328732874505405
0.8848978968340973
0.6915106170440559
-0.18161031264729433
-0.38575573566050814
-0.36378605668669506
-0.012796680006022854
-0.0898629942506739
0.9506087647086869
0.3569618975179827
-0.7395971196525584
0.432573177773246
0.2633650304426993
0.617756599437655
-0.9761408014970665
0.7105636857731641
-0.17108022266133682
0.2756949945588332
0.7618994961177403
-0.28767470298858866
0.6333403437418665
-0.5084058178790816
0.0005752267433418723
-0.3761647893352271
0.8654538192053911
0.7157205086811311
-0.7192419286956051
0.9230579529000735
-0.5080526325813493
0.771879896912627
0.21794570927112877
0.5068014373617529
0.2467220011904936
-0.4862342570864122
-0.6238034201714169
-0.40244627652965814
0.9952313921025033
-0.7193849821940397
-0.09079639673775874
0.9317528477179264
-0.037140524060530034
-0.7442156995545499
-0.26585552126819767
-0.6363261753281808
-0.9792201916242371
-0.6542485364090767
0.5153229348438138
-0.5451354704300422
0.7165530632557675
-0.3822220866124879
0.3621238942431497
0.9271003905337816
0.9330626995179654
-0.08350576772310747
-0.9424513892964197
-0.14662553889017316
0.1027040999270965
0.8071404308348118
0.42867811638350917
-0.6504808480127964
0.0552075429186365
0.7076676603425356
-0.5464576582387077
0.303152621381539
0.9854889095350785
0.6336186325027797
0.7331096266129222
0.13401611069275
-0.5472561325780116
0.40812964298724275
-0.8655420247593097
-0.7762914840463933
0.3400514208966019
-0.14506842699458566
-0.9946076706390281
-0.8138388957807607
0.9007967303508666
-0.9221101942312591
0.679476985310445
-0.40062828492081115
0.5261200854280816
0.22868105609165212
0.41602782465522026
-0.6658867385727412
-0.19438235905144818
0.40480255831239775
0.40376537051281103
-0.9475703093618719
0.12007473801226087
0.7604499629350836
0.770799359956575
0.07570597863008643
-0.5108476908203428
-0.32202894875218835
0.3285884430644517
0.8773334618751751
0.32189893247843626
0.5481566549521899
-0.2741027980901327
0.6757894931032045
0.30060486697468125
-0.2949629170364405
-0.8940075249010815
0.5459933513488022
0.37257468553845197
-0.36194071794804117
-0.046429850125875305
0.04261926362883095
-0.34262951005698694
0.23245031873582667
-0.4004019724189751
-0.748016969320763
0.7365062123633095
-0.1563915955768449
-0.7525165198032475
-0.05545459363605465
-0.08832563632517454
0.3680987539152354
-0.0020320106882660838
0.7136499704952799
0.6023035131241383
-0.5065952923477535
0.6550145128434948
0.17489186119685618
0.6704378966305171
-0.04093175386956105
0.7084699839288251
-0.5855271802875017
-0.09573795096960858
-0.15450954962391705
0.9188726879467293
0.10361694159385637
0.3097855096843811
-0.4770827615752955
0.27424630825511853
-0.43562145462432245
-0.5045187624838925
0.5170582130106904
-0.5518281972930259
-0.9095582417888277
-0.2679091819028092
-0.9218162122412701
-0.3215359212312414
0.30086193736955247
0.19455071361856557
-0.7242747691352576
-0.6015331803892536
0.6730119601307245
-0.7975369651475033
0.7970966645256996
0.7556208455761078
-0.236030700236888
0.46855984332053024
0.3025911680304012
0.4203655910148738
0.6792424589428308
-0.8885638697153899
-0.8783279520065728
-0.4689789656696841
0.23538963426534432
0.4558661800321455
-0.7201940491578065
0.2801801009492606
-0.2829128890230308
-0.17058503177919748
0.6984852989137575
-0.5018361109502334
0.16620423217560898
-0.3647904681415999
0.41950536354139967
-0.980495547135861
-0.5707565373575902
0.8537752344085696
-0.8790822453292737
0.16902021905611386
0.796874822626755
-0.28838483613104815
0.7088822637792211
-0.6955428318416885
0.774699817153774
-0.9838840511511986
0.9929540773094985
-0.9062015139241675
-0.9973962941827925
-0.8045587599882094
-0.5616466268132561
0.984974828505671
0.610387652597554
-0.417004177942502
0.36096623643468106
0.07644046771395141
0.26852855691286637
0.6784269134670802
-0.451422321340913
-0.15876709196538163
-0.9384496917053298
0.031096117890598407
0.13093276891182892
0.7932326461333767
-0.7437176535285115
0.09694783177174315
0.2204365638167216
0.9340598574383616
-0.567265236268836
0.23531974154508717
-0.973574896043762
0.7620820661433085
-0.06842017676381484
-0.14573985649007914
0.9710887918390472
-0.6870470767955905
0.7557719164430536
0.789367882549167
-0.24842094833399297
-0.476943715854941
-0.534833215532204
0.4224174348023024
-0.3395571945539504
0.3139419083475592
-0.44342731110977507
-0.5010480782028885
0.4007527916349787
0.4123312808055011
0.21741724638664062
-0.9993590086936166
0.1644183523227154
-0.43262343544985304
-0.47191303814877905
0.12552537391367835
-0.5021920528523869
0.053308670472849595
-0.2575364088162524
0.7331466571673975
-0.29420519408723367
-0.2025483627744058
0.38219388695944545
-0.7303022168192905
0.9213885308363374
0.29474293996323997
0.9340821476460213
0.5828090699402844
-0.6365516368788744
0.7955309744653838
0.34348807151151606
0.4805343004647109
-0.018967984652307646
-0.8882137674368638
0.8239688931286868
0.7855017898638854
-0.01466005742941423
-0.5529827134679395
0.526430210746343
0.9942105740173863
-0.3263745847791104
-0.2561406275805749
-0.6679153396162842
-0.27428889297632697
-0.8620233646721513
0.450016632835224
0.8310126772967839
-0.1538799234757482
0.10044927998550968
0.4225320232827574
-0.7325149721297519
-0.8219467560126903
0.8570767917109379
-0.6344225116455511
0.47247594847620844
0.9580490696571435
-0.5859077219206599
0.03452332441714834
-0.2886390878804215
-0.6210813987641424
-0.956721372693941
-0.4278687939005339
0.458542923156684
-0.5757875120926066
-0.7428504899765112
-0.5090370867555647
-0.08344340041478837
0.5880210054203094
-0.881656358417021
-0.14962897176176781
0.8255684585870995
0.3968140694492952
-0.5232897584867953
0.7371264728310458
0.3106015746951649
0.5662195679777633
0.5912608707685982
0.10686189691055681
0.5295096108972701
-0.7484920360815082
0.8610749535898057
0.40871001233174775
-0.7118600531449006
-0.43670602537167147
0.1794618709016098
-0.25886238273178463
0.2850901047674448
0.6272395813519358
-0.5416596673936502
-0.8065058076246792
0.4437208705744893
-0.7046534986294213
0.0022290122445132177
-0.48619239440078843
0.7914133113185429
0.6716544897157792
-0.3540836098339475
-0.8696396072059605
0.35060739422359033
-0.10955204754450332
-0.46727697652003686
-0.5706985680643033
-0.7652003015242941
-0.70495294233171
0.028784485951727223
-0.9600614512483183
0.10374696148136975
0.7232423585464094
-0.48105671944946815
0.741771190157714
0.4609352422709456
-0.06881692971952091
0.331455391771422
-0.6247486549746326
-0.8098351113916578
-0.5308225903366726
-0.8750942209547001
-0.05801705198213991
-0.5879088757045663
0.6455604454275288
0.5601679886104933
-0.32267270174570584
-0.0699107955461944
0.7853911240598199
-0.13317894333039426
-0.9273822703887222
0.7409937188533307
0.5113389943016498
0.015508422340387629
0.04811202065634923
0.7089968808605724
0.5123882526143069
-0.6396017390769875
0.8219823823371271
0.09262805375510208
-0.20256338757097225
0.1678950172491196
-0.7423912470443619
0.5315491495505973
0.6755860746321205
-0.4325913793081404
0.2977149838621038
-0.7319122093237871
0.9060593251051947
0.6020223766888408
-0.29415726894147864
0.7852656925101722
0.07595661899828654
-0.2880465461152011
0.44054222538499355
0.7039750540906407
0.7827424880898763
0.1775112599807791
-0.30753934297306706
-0.5735012692342143
-0.18027618804335876
-0.36004375888241125
0.6981250377836465
0.8175802047105392
0.5080956883295888
-0.11732283782637198
0.14233855643960158
0.6326817284955113
0.30985177457709545
0.42694655148298377
-0.1416806108905373
-0.3072359248834293
0.4442776404946014
-0.8364230815339888
-0.4224413957520974
0.004441104556473174
0.6277393450502995
-0.5904964393130356
-0.5796536800514032
-0.07380966338958306
-0.11372262662800114
-0.416441594417404
-0.4586178896169484
-0.18527596936098156
-0.14314501185808304
-0.8135559117574536
0.21823836275627517
-0.9307487911913528
0.8030245671231597
0.152816111148121
-0.32904952451352854
0.7785554291448422
-0.241307948062512
0.870344326483401
0.6071638960330135
0.41199085460118834
0.3214569161094114
0.16127619595659715
0.6027852597835301
0.5569165403885039
-0.7206987761536654
0.3961817867142825
-0.6235414883858947
0.30051931290628486
0.5426852943734786
0.3591607008936175
0.5439300694975602
0.6581162519314474
0.7473475217797318
-0.7628168338175385
-0.6019266345115364
-0.6374682555596798
-0.16074513900123089
-0.8779811564871065
0.7929854100652252
0.4887435624632417
0.7529854835878367
-0.15219734730955325
-0.6940597615547155
0.9759366230363109
0.2867195708878394
-0.721146279995323
-0.7379017566670796
0.05402825996671634
-0.8836220310546858
0.6978171052473336
0.5893958146463807
-0.9531980015260411
0.31635505256900176
-0.6847347796185366
0.2552912094547497
-0.6637818526027846
0.06694163022395694
-0.3638263305068383
-0.36583933972144367
0.6157811328604939
0.5428292758256283
0.841191587419782
0.6125177645310744
0.18222105088851004
0.028103941040817038
0.1763525303659983
-0.3637269526012057
-0.5760594729688266
-0.8722484510503907
0.07719864774863439
0.3900863594413675
0.35770365987660835
0.6827281748928296
-0.9133147628939766
0.7228140661867917
0.004038710450319005
0.8775752365558454
-0.7688182405165596
-0.23381734244814467
0.969512302768003
0.4554018207594357
0.05162145798220452
0.35471655206539143
-0.46463203207460246
0.4805312456772488
0.8092502941727808
0.7712336298643105
0.30755667940249953
0.27505283634716493
0.40940296574872637
0.3089641572967623
0.27079054784539114
0.8915361487490467
0.6231848901337518
-0.3469863970974232
-0.8347301384560821
-0.04491123526532759
0.47046881030167587
0.11613733340046739
0.46642180714339876
0.79279084149257
-0.559692597119295
0.4807587464431595
-0.5839922879821096
0.6059163313047264
-0.7625836700418693
-0.8365015501715067
-0.8127284257895933
-0.20931814621755462
0.037597919508614464
0.058592459795371976
0.7869301189485589
0.8829197212036068
-0.935544555101544
-0.8148576527358546
0.980814163076094
0.8919362028804616
-0.4623405222820063
-0.08961927534799496
0.8581094616605811
-0.6796327450462991
-0.6150004762046914
0.9389959547919489
0.009713069008379982
-0.4740186260323447
0.4605263554243759
0.4429453683975608
0.6780488977875452
-0.30684713431423427
-0.9278118472176997
0.2863295140485853
-0.5136453528015492
0.531755904753811
-0.4978894275514363
0.47431298183564596
-0.36829111561846384
0.4843356297610035
-0.22697956835693134
0.6663345500179765
0.30072121081111325
0.24086041009297654
0.00591305286583399
-0.05135984626170442
0.8834835435624799
-0.7414785961422985
-0.5939679118936154
0.6300498504774303
-0.08563716295332746
0.9763038290720742
-0.23833746084156404
0.39834050182541425
-0.06566114316525162
0.48149838834761827
0.8240543058750487
0.8153010663143196
0.18418532317817116
0.7576300948799144
0.9054866516753584
0.0717627722704135
-0.9057212694705425
-0.744263110307037
-0.5879823590415318
0.5073131733269025
0.3109620786051184
-0.5661762347848103
-0.9170260316947174
-0.3672799480205273
0.6351918043470066
-0.4187917531142302
0.6171336540853409
0.7327803162751287
-0.26175029207442035
0.09127755507253799
0.1288687478477537
0.31535651145637456
0.39676624826880635
-0.03970780156212106
0.3745690448254102
0.9244843169147514
-0.0019316541814604626
0.16826779468072672
-0.8616115622370137
-0.09923755141571888
-0.8139643359656565
-0.6107902938105068
0.33478416074049067
0.7969357540099651
-0.6178989551797587
0.6379774230322144
0.7361128525123495
0.14969718177375047
-0.49770735961699586
-0.34424070972889487
-0.22432988651588204
-0.15330996514120931
0.48359882418746425
-0.0716916670942731
0.20188501104552836
0.14557781764129407
-0.7504765107592712
-0.07940279667139682
0.05379291533779851
-0.875583055940286
0.9337079334201852
0.7211404615487154
0.5572668671812209
-0.365383328191796
0.8643556118119937
0.7608037821653046
0.0737346376914747
-0.9334034518516416
0.8888186547713595
-0.04641594298373963
0.49514440269828475
0.8570283702814399
-0.9811402461980303
0.34434668510115873
-0.26774273073548294
-0.12845537630015125
-0.5918464912694565
-0.2194251265013598
0.301305155039461
-0.2818735459011519
0.11013807410645216
-0.46575300895427363
0.5627231666623911
0.44992709517261487
0.2874240160458963
0.14008145601118915
-0.7958680044609072
0.6908850741524248
0.946227121820701
-0.9213801462415785
0.8603009549163376
-0.2603271742843032
-0.3137546394949924
-0.27835385873735063
-0.6220221800246022
-0.713940432354272
0.8319282996937205
-0.3989923910697888
0.5201082025809542
0.041025567856023404
0.5083552042173225
-0.35892115129780766
0.10511890322678585
0.80798575764454
-0.7174585060179841
-0.8082960406276554
-0.2648899091460728
0.6936482717664267
0.21287394488686573
-0.6090111571176879
-0.1357635249206539
-0.16941978586400674
-0.9179455668723557
-0.8082701036895754
-0.4506475173003728
0.5967178728710469
-0.8352037734897002
0.13244929813179285
0.8923522078563697
0.6676952097774813
-0.529283211500228
0.3190522562083795
-0.9366984313875335
-0.6270239013959897
0.4809426672719139
0.7930782455085157
0.6275188864187529
0.8033277651812814
-0.40053972357676626
0.6931177766004581
0.7368413221797696
-0.1792836354978986
-0.5605838837282047
-0.43283151172863166
0.08612081881275646
-0.9485173191763159
-0.7369213923539641
-0.7987961792993703
-0.1708522798688774
-0.6841235457658055
-0.12430746161669504
-0.29915859288606006
0.6173802328907034
-0.603791716563078
0.34850004947250923
0.5781629417861556
0.8649866843098506
-0.6832749756805625
-0.9975117718709323
-0.45615121770455724
-0.775965175497733
0.6808772471167437
0.9718826330914743
-0.6751438798129672
0.9142763332877397
0.43652198034235035
-0.16399393385359273
0.15634688730691781
0.4050653306685801
-0.577751863668126
-0.7550136357622557
0.4140853879593318
-0.9257088739157049
-0.9030540982646857
0.26640456159753034
-0.761751302027708
-0.26017614318782467
0.5416892029674538
0.9656981023986835
0.32209276088633265
-0.3677823097019144
-0.15094102064998793
-0.4944487076623858
-0.44855004423979095
-0.913653167663488
0.5359638203649397
0.8262442020736782
0.5768058395996056
-0.0031445633819511265
0.30565308372745337
-0.5664182043271797
0.9937686998731134
-0.42767928023227997
-0.2505715789033598
-0.21439968285388833
0.5778316541032797
0.3206069356914041
0.1567615722114688
0.6554898766166497
-0.7281842728699761
0.8005818047946827
-0.33445717847763
0.35398164794595255
-0.3421037728605052
0.047768122898746324
0.027651676738283282
-0.06947849286357011
0.5590831701689098
0.43230226055131116
0.3561319046330178
0.4337714758897291
-0.0825040611274881
0.2421630496464977
0.458416181376633
-0.024638829988702593
0.28204245510230264
-0.4003308484294825
-0.7214708592423715
-0.8441657135243115
0.6705187330446924
0.33024517351653504
-0.5958479779395791
0.10610267128663864
-7.523442120271895e-5
-0.8825246748546984
0.5637108578113179
-0.9825270083969855
-0.9206356551217105
-0.8095009476981319
-0.5727378017351041
0.42744350852492863
0.3005120233282135
0.35211095172411744
0.41546198395336376
0.8068151276209212
-0.9152542199487983
-0.32198166483855717
0.1177429706238815
0.9404280977072377
-0.9987186790976623
-0.8320608115577968
-0.1821656361811126
0.5426675229003295
0.5385422087523222
0.758842283136075
-0.8918520189302823
-0.04680691762981759
0.3401871722565195
0.14038988342764824
-0.9090883182093887
0.40974144450080097
0.3611688911768245
0.8333053630463216
-0.011600861038939314
-0.08502028568938647
-0.7163329268063467
-0.14249089312201457
0.13856942239094128
-0.49738072404733913
0.22866897165180067
-0.3270854401291543
-0.7345668601923734
-0.2010312752025576
-0.5362689038292019
-0.8990255102312683
-0.20820180611922234
-0.2178445949585921
0.6934265222230538
-0.48685698366602237
0.45394406241133023
-0.9327212670848022
0.1952144890839742
-0.2093811031131163
0.7829624062537937
-0.3251252917542198
0.9263740951608512
-0.13168649535106436
-0.4327714123977011
0.2173986686036793
0.3546227936137951
-0.716893826562738
-0.6029255625814822
0.7542151562242259
0.9943357870009271
-0.20965063957067676
-0.32014202587674667
-0.8251224557974908
0.2768669388095484
-0.06456067034704338
-0.6584510428119028
-0.637478427387566
-0.08365102389605772
0.7602259772246129
0.4293023942740031
0.4095965072016967
-0.08242701242062545
0.7985141931994879
-0.4420750855146225
-0.108593104340164
0.5534522743445138
-0.30611582213914534
-0.5056646681754584
-0.5337892662103729
-0.8053879387452039
0.15776184089102108
0.02289283300959699
0.573207893517758
0.5077660668695909
-0.09770975333642928
-0.5307162588510144
0.5619944963226677
0.9100364367973834
-0.5029371090577617
-0.8700890604538225
-0.5847466411606601
0.2485893504047234
0.665361503510209
-0.20566549757856478
-0.3062523585575412
-0.827088060293435
-0.7789350777847925
-0.08237653492174468
0.3643093873470482
0.9623043317636504
-0.36445765756090287
-0.5500197000105711
-0.9763707879591581
0.8453984307631752
-0.7923063725535702
0.8114278613391002
0.5900646490851114
-0.45906253555085685
-0.5654426509624555
0.9876267925926596
-0.9782787948914167
0.33701866328227004
0.9647633366693871
0.030885040975242806
0.6352618884275896
0.6320852558077132
0.7453862489284035
0.8589049628552954
0.46098861804473
0.5487521657092231
-0.050888826120997877
-0.7578710578639343
-0.30505139841340423
-0.26752174691568964
-0.6988325429996953
0.8755971674123431
0.3426085564257195
-0.0824132824944388
-0.9254549073423415
0.32176506545994954
-0.8137821839709511
0.24871073179288006
-0.44439804165754193
0.06546490506770164
-0.9493795049601901
0.9330768116538146
0.14728825990471828
0.5765411333635622
0.9968986389267211
-0.5562546175889795
-0.36437993826603865
0.3439788086947724
-0.04305346952520672
0.5451112527980806
0.0672356696390124
0.9967391520612638
0.20859179981493003
0.4816041537659812
-0.8843038923983269
0.11369300964011808
-0.416381323172061
0.6641813182489367
-0.5470980042659082
0.49594164519117623
-0.04467351337115222
0.3207363622298609
-0.7222766642530272
0.3842072675877315
0.06631837565971077
-0.2026236222340465
-0.4728487070691014
0.9693790458439429
0.29297650446615364
0.00796218697422102
-0.4605347062731875
-0.8574562330571567
-0.7971556519784313
-0.16572862196379345
-0.3980807264366768
0.5567269966955659
0.14921574675829197
0.5723208315920076
0.3810566239176678
-0.11355281729616884
-0.10487465370039528
-0.029344785003385443
-0.7458359672645583
-0.03611149197248631
0.5053138469896932
0.9830157064408409
0.6538642512426702
-0.8312282435513922
0.12052312268406773
0.5706255231837019
0.6953701256946272
-0.36131057088121565
0.584423378605968
0.5402135586088082
-0.8916537890966802
-0.6216073995593758
0.17485068229104428
-0.12883633105109915
-0.4130678971282493
0.41512137402661997
0.2222492737539694
0.8733425272581097
-0.28564351372890284
-0.9278050915191831
-0.9545484705470844
0.10067864361767542
-0.8784819236243102
0.005825893913002478
0.57570535738556
-0.9917528712460442
0.24136899770380715
-0.3377516582016864
-0.4974275490048554
-0.9296494892096328
-0.30119018330731473
0.6169064474918717
-0.8105161194997588
-0.8158770272100586
0.11081530617017288
-0.7612836995848387
-0.1613411177977584
-0.5915061399214574
0.10945990468409006
0.6279883373318147
-0.18826090108688742
0.912948914047139
0.22370471507280687
-0.4523984417332456
-0.6510170907509436
0.08223742601064954
0.4676393157336318
-0.24774145784434376
-0.08139829195991322
-0.8098810392431881
0.2899274729547665
-0.2711551783991921
-0.42588864681714167
0.31920771907910384
0.8803795341989802
-0.08169523199675055
0.013092468391893597
0.1554310634102567
0.9382418831724149
-0.21686766376582556
-0.31581545530062716
0.07612437168467245
0.7739058379718688
-0.5945202071638187
-0.48679109470021986
-0.21538854637678373
-0.5229169234263837
-0.3900009054577418
-0.6466295279662457
0.10076170282142094
-0.6450842601240865
-0.6289395317311697
-0.9699008398369817
0.8286076882830637
0.4146119624740048
0.5400196464014977
-0.4267453442208686
0.16240691060485402
0.49501493971871247
0.5026512917931814
0.4350233597930284
-0.7670808687401123
0.49598760991199464
-0.5695851191003576
-0.5604901442782606
0.7642969891445586
0.3204417777211921
-0.5631974490852629
-0.890115261204659
0.5889430423863713
0.01861119577875714
0.5140905650708345
0.7726240380448628
0.8490816693368655
0.39035347334322656
0.16529739038010227
-0.26092860567408893
0.377110820596402
0.12638729369570045
-0.2029738682344
-0.8730860086979373
0.21537785942676635
0.5220728479998926
0.590305497167527
-0.023746314625226805
0.003448398754819948
-0.19772100441069718
-0.4483644032725196
-0.4438097593726855
-0.25586927496982526
-0.010034606853555061
-0.8999731287497785
-0.164096229202626
0.5484161430071381
-0.38249113713727256
-0.3214847049756462
0.8811584881150982
0.6367177218591564
-0.5133495984364465
0.14104733900393995
-0.6350842201138462
-0.5654214625487217
0.1749442860758732
0.4334848960081201
0.875305138814845
0.09983376624700346
0.5806590486506704
-0.4203617572264031
-0.7221588733371038
0.7241219326575314
-0.09210101266358617
-0.6197934765769912
0.17829800823348352
0.5659714088135424
-0.200690215055507
-0.2120515883712546
0.7284747544089409
0.8333319249704663
0.19699679430974149
-0.7262991390056013
-0.13718525019559058
0.18289967177170263
-0.3583092016608025
-0.015928997362402608
-0.4035599873133857
0.2779769204232285
0.24983467539196091
-0.41959610147123616
-0.31753213602166364
-0.11068933356045108
-0.03915493056349639
0.3805748614116218
0.7241211541257977
-0.0915599259899027
0.3528935497916659
-0.8485989142152346
0.7218051629288635
-0.9252160186219003
-0.24267528786061243
0.7534580855758528
0.18663989827203986
-0.8926113212593583
-0.2375855026150373
-0.7274737564288034
0.012402588028511463
0.11748679196325362
0.7258167353129021
-0.954189779131819
0.6637473755683914
0.2941236097907587
0.6425891908160932
0.6478872623558019
-0.5428562976167863
-0.36586022759971293
-0.9452010325345723
0.40723694265585264
0.2801392360450423
-0.6485183183144998
0.18021294902262763
0.30457752596299725
0.6575575086403345
0.17563868737162203
-0.4189313529558465
-0.02960935192692249
0.38056399133444296
-0.5791918145253514
0.7683570907083359
0.9079007500770535
0.1348585237133335
0.12051372948768702
-0.9123742431245381
0.6432084907594349
0.3271188903973097
-0.3296717891164467
0.47656455825268873
-0.5898992524546758
-0.9523963098324346
0.6540141734955176
0.8897221678341727
0.18724572929757954
-0.12232070655503913
-0.13375356949585404
0.02497950749674116
0.910953977505224
-0.47384871598461187
-0.8860427873099423
-0.28270852737858654
-0.14178953428226393
-0.4276071193129236
-0.5156028400260562
0.2360852661197126
0.9201987692704199
0.8890001279294348
0.6006947606101902
-0.4680312924932717
-0.23387036769755154
-0.5081038268691329
0.21099774018233441
0.3471208632299696
-0.4904707665064256
0.8604607659545707
-0.9821449179486157
0.22335833369875546
-0.6754495488223125
-0.8729962781418852
-0.7520851510851712
-0.25392446093538634
-0.5596789196225922
0.8133781587293809
0.20499904351913134
-0.6379386905717022
-0.15657942806421943
-0.052193288747391264
-0.1883382384843899
0.8695169495736068
-0.089144242867913
0.9090880582592877
0.9642905725198254
-0.5796199304056087
0.645966979217464
0.24596982045171778
0.9914964302025386
0.03864159535223832
-0.7947891012087096
-0.4481996833087609
-0.0008329916496294665
0.35196944579540856
-0.7449078751754472
-0.031192631319887365
-0.9906805157860301
-0.7031409724762958
0.06101646079358547
0.31790957005231846
-0.9945547743218808
0.7795932058791553
0.5125770503331473
0.4547696740751497
0.26357342342122747
-0.9740577792893252
0.7665206783989098
-0.3504181609967367
-0.12354064533257736
-0.8002200931440524
0.275385179872937
0.5670575018537711
0.8855969564928818
-0.8609101811900586
0.5987339267197833
0.2813980007160528
-0.8744351195619671
-0.7627045655863562
0.09925314403957364
-0.33282143791747787
-0.3211084247275604
0.45938581302238957
-0.8233504198044623
-0.4228527541682232
0.8223764936823099
-0.8314952177262609
-0.4985208709690756
-0.9324307507456666
-0.14611516753948273
-0.09774163789680612
-0.7431015211834926
0.4931614112763545
0.25866974031695467
0.917596796856126
0.3596994531281208
0.15410851655599966
0.7273807956617762
-0.8295853757922127
-0.9967250518433426
-0.4765509191206547
-0.7170539626852701
0.8070220502698828
-0.5565267754844077
-0.11795975762290478
-0.32305788154023984
-0.18824740394966355
-0.5028004646327782
-0.28301576176091325
0.06980706024571992
0.05842093140787519
-0.21843033595223682
-0.5719787153447586
0.7785300974360401
0.9866850851541864
-0.3086494176418122
-0.26946501314006976
0.3610975303613082
-0.6390157101976013
-0.214319667875575
0.6431322420148682
-0.688013417394429
0.4900187373466527
-0.22902799199752977
-0.00839540115680526
-0.36699120733267643
-0.5256924077251046
0.13507607466353422
0.45675415328417124
-0.042212081885703245
0.4232993643777432
0.6942999973786073
-0.7783570211552737
0.02636323079833236
0.7466078338223188
-0.5971555367840762
0.12646702016788325
0.004115094284058429
0.16934432680422828
-0.6407255264092577
0.10293207905404111
-0.7682806003644549
-0.54940744231715
0.6692823024089951
-0.0226754606275108
0.5161386045256782
0.5173505144487605
-0.9285159849650362
-0.8480290740882372
-0.39485966466191424
0.8104269035159399
0.27380332793665074
0.5434750428316653
-0.06210063191653914
-0.6363666910633055
0.9191450066031699
0.35790863369853243
0.759653567494238
0.07005975699459777
-0.8251075249018824
0.6081040211510111
-0.8777034609921555
-0.4928733251936599
0.5616832830020044
-0.561688508818142
0.41980599441497146
-0.045196039217970885
0.3648408652080377
0.7533299720239239
0.2793591590101032
0.8198272557399058
0.41370482089545435
-0.13127480600490982
-0.8942597995053552
-0.4386846825759214
-0.030856467906803076
0.3225562795631114
-0.43837996755062747
0.6891313049449272
-0.26603053042775837
0.4772472190081354
-0.7328242789897734
0.24827958177603504
0.5644564402437968
-0.04135100797185842
0.9965990882258025
0.1547426038981783
0.6245045911836065
0.4513710548277672
0.32830053443021834
0.8891959666613678
0.9715671387418667
-0.870564092336592
0.9078234525526416
0.19751321592248194
-0.058809366401838314
0.6508150149634035
0.1739198295515898
-0.15229115751003297
0.05710619169868947
-0.48262786047472384
-0.02043940235988062
-0.5395734503587453
0.956664112944209
0.6174358890106251
0.07084907055745093
-0.206695690320168
0.38876374963928706
-0.6012875325689602
0.24507254112557186
0.5488004742597141
0.3651131934357288
-0.6442847178561819
0.6532040278141502
0.7754774901286274
0.471094937587226
0.7381576648200325
-0.42741800230911364
0.47118993332899706
0.054803757112490636
-0.2162082695213421
0.37379719565710046
0.6067121078858975
-0.9229257806492273
-0.02512426342791363
0.04426208439537982
0.35370827259863535
-0.3184737985933439
-0.6085295074048411
-0.831177178886584
-0.5752675238630363
0.7629036526478798
-0.16758696856600563
0.26131042100606594
0.2744101626409101
0.7652508175210433
0.7952306387000614
0.12275022514016465
0.8721842957372163
0.3868018219385183
0.27786022047176706
-0.008783715022760319
-0.12678344667596075
-0.5560541046956637
0.450645733056779
0.21056156763786182
0.22891994945826655
0.32086712068847145
0.16496235090048872
0.9292980830446469
0.8398267720784891
-0.25060595186347534
-0.2042721432154999
-0.5463169714028777
-0.7409914335651617
-0.36684743160012534
-0.7920348159801764
-0.0829711063729821
-0.449000581017982
0.4700651348510494
-0.6158333753047667
0.9262273014013598
0.7028289679077324
0.4456070551656435
0.11837738517999652
-0.864843785797119
0.3440076842637949
0.8940044839918362
-0.5714129095587848
-0.7916855679974599
-0.332962776386462
-0.8746400427972398
0.9681994782347982
0.767704248498561
-0.79693437015675
0.22208702649380285
-0.875335877584495
0.6108506927408679
-0.890159755321311
-0.32913549574098155
0.4953497237935367
-0.054768057360989886
-0.8895755194911699
-0.8631678857297338
-0.5332243135749262
0.5640023492272799
0.6555866281704286
-0.3004412858861629
-0.5164850478404786
-0.41252366865467094
0.7926736897915596
0.7403136192778019
-0.517355800233108
-0.3166917842559114
0.670074489721443
0.5421056549624224
0.8786487601215365
-0.5716146258963128
0.4442048364676192
-0.9310373591937395
0.37904538319326564
0.11670757609423754
0.9691383712387855
0.7623658283010148
0.3227155455388564
-0.829976763656501
-0.6081389415082179
0.4998332840538531
-0.647132606015584
0.30635544046757524
-0.2507839644977592
-0.8139066050484809
-0.2595913335065845
0.5058720244109356
-0.2949283686224944
0.14294832033435645
0.34306143460506133
-0.5538111465607103
-0.76078735196884
-0.33901463604566695
0.0960253981678143
-0.3985754325335571
-0.46662313125236077
-0.8386815267264787
0.5730237555394422
-0.17358953261709598
0.286643384752979
0.21838896631826765
0.7616386638112389
0.8043102559529531
0.4417178216709243
-0.23531228712270513
-0.7971651954739118
0.5404138865337136
0.5253629873630059
0.5729791137491467
-0.8250815911926521
0.9639712810969479
-0.4593972387721905
0.8292449803355604
0.7626111750045661
0.7332205476952285
-0.6086255329203945
0.19364992451024454
0.5744055531821028
0.8636193792760034
-0.9314200524592788
0.8855588256568865
0.9595996605021297
-0.03131980894415065
0.11222422122106712
-0.5355808966278901
0.47461007256422727
0.48061676393720054
0.422128410080731
-0.07368276740553492
-0.3212344943693357
0.29681828223782114
0.017758565330968423
-0.66077219183838
-0.049977839887062725
0.014249276711089998
-0.16451435705230644
-0.05152606902994883
0.04848607423816276
0.45065557961665226
0.7059863033819447
-0.5772792502992585
0.2645661139211666
0.9026304768133615
0.02246614056682139
0.8155214145973257
-0.7408953442994646
-0.29348911718933657
-0.5734667540856258
-0.8703824157748441
-0.264089677919515
0.9862096161198903
-0.3736568987750064
0.10796294428296394
0.1332485118472193
0.310044392325461
-0.8645009096230036
-0.7664947013069283
-0.46661810140347937
-0.6083669181846729
0.9556058481673118
0.6201174571500387
0.6932063766253935
-0.8885580428650153
-0.27263994831192395
-0.6888280839494443
-0.5179667871485454
0.43102718095976833
-0.702588019766702
0.8991859747831707
0.0440009977043454
-0.7515376466849064
0.7967096174541681
-0.35327689644325266
0.8579563906500041
-0.5656587987433093
-0.1065783964107001
-0.6111794317223485
-0.010917123387248928
0.8149932865564771
-0.54924935556557
0.8101698950780682
-0.9636699970693652
-0.22115296887190627
-0.76038098094656
0.49474884200140323
0.25379747268082564
0.7129529310837333
0.3129436923690556
0.9800304592705058
0.8463475332206758
0.42587578512593716
-0.5830059536503311
0.5358454279668043
-0.09910879782033133
-0.25313807530069043
-0.8372268638246405
-0.9080282038336591
0.5808755535411323
-0.6754669887298146
0.6054337884727019
0.8998868294769715
-0.08877826235972508
0.6001783084723327
0.8591790691909207
-0.48438273662911024
-0.11908860757294137
-0.70504019486921
-0.8456708880164601
0.31275274549557874
-0.9496994119658946
0.3686804633031433
0.5736142884106981
0.18326735071188338
-0.20928262143335452
-0.06842574771362742
0.9042181678129131
-0.5225424696166243
0.5827448217916982
0.5027390466262305
0.6762952872221941
0.5504076065891121
0.1043222034048914
-0.17808963345741313
-0.6711911703099425
-0.49973266862525145
0.20088804199395005
0.2167333569653449
0.943785830850913
-0.24393196787381477
-0.3766179139552315
-0.5619856315131035
0.7475631623568888
0.3481939973446866
0.9025559975794422
0.8698093118833015
0.4244362599563436
0.000801678194728872
-0.33259379181958204
0.5379273256026016
0.7254275068694835
0.3444339309076656
0.060613909329483295
-0.6151947677047862
-0.21512613455014273
-0.2127230123284929
0.20115592812985694
0.9458119982028954
0.46453891083393994
-0.6477651524589101
-0.7779050752435808
-0.10437254522068962
0.07343596258102991
-0.03677841239084101
-0.1991842214972679
0.5524643049326365
0.7806555304844989
0.8855866409699531
-0.4389093368643815
0.4817721965718369
0.2647050720377875
0.2192375863237972
-0.058707184278081304
0.7636659695885792
-0.9803805603497557
-0.2631869585012194
-0.5033980671980762
0.3449218657795847
-0.2264820149182074
0.27320413663248866
0.14872215190903315
-0.01647378394410204
-0.4942837915736349
0.1826446668229833
-0.7450835181338085
0.5487745911439048
-0.2812791682176723
0.6236392456664541
0.7238591977326063
-0.5462319184826199
0.6311532915774829
-0.9341149273252878
0.6593803668204381
-0.8086022649010656
-0.9966104692134525
0.11851871333178865
-0.17562209871218348
0.6730677083135528
0.667804716780851
-0.8467186226590768
0.6416801135271903
0.5294353620404544
0.13464245015588316
0.6382911313737138
-0.9297773203679554
-0.3009681932086128
-0.9792926534013855
0.6850033723792825
-0.692220149578525
-0.020115854894656948
-0.33723995702505905
0.6701963206036528
-0.9663702147587112
0.7929737663131755
-0.1530131046700376
-0.8053246566078665
0.31927198130713874
0.4494710889478619
-0.2622918019865277
0.25224405016789264
0.070110533985968
0.20947976407171875
0.41943849607184935
-0.7392310242229847
-0.4807097470414341
0.144410885038464
-0.8803557667164181
0.15987384912260794
-0.9863225250908827
-0.18836766853522713
0.7921804239453003
-0.3078904945198295
-0.007340489905139691
-0.6444360992724829
-0.2870678650451364
0.9142347091810117
0.6481878828468521
-0.6107673823130897
-0.42093051602025966
-0.18395367760137882
0.05496127652042615
-0.6659638814521482
-0.3517620085665736
-0.8123887528207052
0.18425876688101983
0.5426864898076995
0.6259838849330976
0.3816780220649614
-0.5631879121487509
-0.24676255121691693
-0.66896646981656
0.5918857413481735
0.9983379562983337
0.7538040581594752
0.43218209447412415
-0.25434933290807926
0.5918526756802578
-0.29225008964396215
-0.24067525128717548
0.8992163871903709
-0.5303849555996014
0.16275875143017826
0.2959651112507453
-0.9534663904458509
0.3281984330299994
-0.03923796915762523
0.3855039185586864
-0.2478166346602575
0.9170381425407039
0.1292524019827912
0.3508154969801742
-0.35939456246930357
-0.09306688784551342
-0.6638314588201122
-0.8767327852273645
-0.06499711104555539
-0.41888956214588147
-0.8747852267315439
-0.3935303301902864
0.10650687500746026
0.9723744611918654
-0.26592462312770637
0.9039720638407576
0.6169816955829539
0.925828566064606
-0.12832936522070337
-0.6974894461320922
0.3281152402869667
0.5409506580564449
-0.956036723732018
0.8448309290615104
-0.7268339708486642
0.07894840481904719
-0.174884394030296
-0.7912813174594557
0.4029300057681975
0.30773310938050447
0.9014883506490374
-0.32689482416003557
0.5823447798113222
0.8007140015906109
0.34237578232577315
-0.6849230889160087
-0.998524923512754
-0.12679503717731722
0.47846055138073185
0.8293725178125304
-0.7300064411719158
0.6012800441263266
-0.06643705277168221
0.1249776279863899
0.297476998294425
0.3901635668358949
0.4746354620875546
-0.23411489338209757
-0.8571662079354883
0.4208936032626771
0.6672099039187298
0.05807401859396144
-0.49718138186836125
-0.045369324641686415
0.5607412552039208
0.44795709581853904
0.7302842864201402
-0.08371108015372286
0.3718170227476407
-0.8531085412871975
-0.7670475536457695
-0.7076880522214957
-0.17924445778888254
-0.777732241173799
