1 8 2 13
1 9 11 14
2 9 12 14
3 6 13 13
4 1 4 7
4 8 10 4
5 5 14 7
5 7 11 5
5 9 5 7
5 10 12 8
5 11 8 10
7 14 5 8
8 8 1 11
10 12 6 11
12 16 18 12
12 23 19 13
13 5 13 13
14 11 12 15
14 20 14 15
14 20 16 19
15 11 11 15
15 17 17 16
15 21 25 21
16 12 20 25
17 11 12 24
18 12 13 24
19 19 21 23
19 23 19 20
20 16 18 24
20 22 22 25
21 23 22 23
21 23 31 25
21 27 33 28
23 29 23 27
24 33 31 26
25 22 25 27
25 27 23 33
26 21 27 28
26 23 27 30
26 31 22 30
26 34 21 34
26 35 27 29
28 30 34 34
30 31 25 32
30 33 31 32
31 36 40 39
31 41 40 34
32 31 45 39
32 33 31 41
33 39 45 41
33 40 33 41
34 37 41 39
35 31 38 45
36 31 36 38
36 40 42 44
37 35 41 39
37 37 35 40
40 31 31 41
41 33 44 45
41 48 45 52
41 49 47 50
41 53 42 44
42 47 54 42
43 39 44 43
43 41 47 46
43 44 46 48
44 51 46 48
45 47 49 54
45 48 53 46
46 53 41 55
46 55 42 50
47 44 45 52
48 45 44 53
48 46 47 53
50 42 41 53
51 62 54 55
54 57 58 55
54 57 60 58
54 61 51 58
55 51 57 57
55 52 59 57
55 63 57 61
57 56 62 57
57 60 51 61
60 51 56 65
60 59 64 61
61 61 71 64
61 64 73 62
62 64 74 64
62 66 75 64
62 74 68 75
63 56 58 64
63 59 63 65
63 62 65 69
63 65 63 65
63 68 73 73
64 56 65 64
64 61 61 74
64 65 71 66
65 63 75 73
65 66 71 65
65 69 70 71
65 73 73 68
70 64 67 75
71 61 68 73
71 81 83 73
72 73 79 73
72 84 84 81
73 73 71 81
73 79 81 78
73 85 84 76
74 76 80 78
77 82 84 81
78 74 79 78
79 76 84 79
79 80 74 84
79 83 73 83
81 85 91 83
81 87 92 85
82 73 79 82
82 77 82 84
83 83 78 85
83 83 83 87
83 88 93 86
83 90 88 94
83 91 93 90
84 89 84 95
85 88 81 87
85 89 85 93
85 93 95 91
86 85 88 91
87 86 91 93
87 89 84 89
88 85 83 89
88 86 82 93
92 98 95 102
92 99 102 95
93 93 94 105
96 93 105 99
96 97 97 101
97 93 99 99
97 95 102 99
97 105 95 101
98 103 101 104
101 95 95 105
101 95 99 105
101 96 99 102
101 101 103 102
101 109 107 114
102 91 97 105
102 103 101 105
102 114 110 113
103 94 97 103
103 105 111 115
104 101 112 106
104 110 103 113
106 102 103 111
106 102 109 113
106 105 104 107
106 112 104 113
107 110 101 113
110 103 106 114
111 103 105 115
111 115 117 114
111 117 117 120
111 118 125 120
111 122 117 124
112 109 112 113
112 115 101 113
112 122 121 122
114 124 123 123
115 117 123 121
115 121 123 122
115 123 118 118
116 114 111 123
117 112 111 121
117 125 119 119
118 117 115 123
119 115 122 122
121 124 126 126
121 132 124 128
122 129 128 125
122 132 127 127
123 135 125 125
124 118 115 125
124 122 133 126
127 131 134 132
128 124 123 131
128 134 122 133
129 135 126 135
130 126 129 133
130 128 124 131
131 130 128 135
131 135 140 137
132 135 133 145
132 140 133 133
132 144 132 135
133 125 125 133
133 133 143 137
133 144 139 144
134 139 141 140
134 142 132 136
135 133 141 142
135 138 141 137
136 132 138 137
136 132 138 144
137 144 132 145
138 132 143 141
142 142 143 149
142 142 151 149
142 145 153 148
143 141 155 146
143 152 155 153
143 154 151 147
144 135 142 144
144 144 146 152
145 145 142 148
145 150 150 154
148 155 145 155
149 146 144 152
150 151 154 154
150 155 152 155
151 147 149 153
151 159 154 159
151 163 153 156
152 147 145 153
152 164 163 157
153 164 154 159
154 157 151 161
155 154 161 165
155 164 159 159
156 163 158 165
157 158 157 161
157 161 163 162
157 164 158 164
158 154 160 163
159 164 151 165
161 154 162 163
161 161 162 173
161 165 167 167
161 168 163 168
162 163 153 163
162 168 174 168
162 175 162 175
163 166 172 163
163 166 172 174
163 167 164 169
163 174 162 175
164 175 172 168
165 162 170 168
165 171 163 170
166 164 169 175
167 161 172 170
169 172 161 172
171 172 181 174
171 184 184 171
172 178 172 182
175 172 181 180
175 173 173 184
175 174 172 176
175 175 177 181
175 179 180 182
176 177 183 183
177 175 182 185
178 177 172 180
178 180 177 180
181 181 187 182
181 186 189 181
181 187 195 182
181 188 191 192
182 182 190 190
183 181 171 185
183 182 186 189
183 185 178 185
184 174 177 184
184 190 192 185
184 192 191 188
184 195 188 195
185 188 186 188
187 189 184 189
189 195 193 190
190 185 190 193
190 193 183 191
191 196 201 204
191 199 196 195
192 198 191 199
192 199 205 202
192 205 205 204
193 188 186 194
193 193 203 205
193 203 203 197
194 193 201 196
194 203 200 201
195 196 194 199
195 200 194 199
197 201 205 199
198 198 205 199
198 202 204 203
199 195 205 204
201 203 203 210
201 203 204 214
201 204 214 209
201 205 213 210
201 210 211 205
201 214 214 212
203 208 201 215
204 204 207 204
204 206 202 212
205 209 201 211
206 210 211 214
206 214 204 208
207 207 215 208
207 212 207 214
210 201 215 211
211 223 216 225
212 214 214 220
212 222 213 219
212 222 215 224
212 222 217 214
213 215 218 218
213 215 224 213
214 217 215 218
215 211 215 225
216 212 211 221
216 214 221 220
216 221 223 225
217 222 220 224
218 222 212 220
221 222 218 224
221 225 234 225
222 222 227 234
222 224 223 224
222 227 230 231
222 229 222 226
223 228 229 228
223 230 223 231
224 232 229 230
224 234 228 230
225 223 231 232
225 224 235 232
226 227 232 232
227 234 230 228
230 228 223 231
231 233 223 235
231 234 234 238
231 240 245 233
231 245 231 243
231 245 236 244
233 236 245 239
234 233 245 241
234 243 245 242
234 245 236 237
236 232 243 236
236 243 242 241
237 238 243 238
239 240 245 241
240 235 242 240
240 244 243 245
241 249 254 241
241 251 249 249
242 255 243 254
243 248 248 250
244 244 245 245
244 244 247 254
245 242 254 246
245 252 252 249
246 252 252 248
247 245 242 249
247 247 255 251
247 248 249 250
251 246 252 254
252 242 247 252
252 247 246 253
252 255 258 260
252 255 258 264
253 248 245 254
253 255 251 257
253 262 252 265
253 263 254 254
254 263 260 259
254 265 258 261
255 253 251 257
255 262 256 257
255 263 261 265
256 255 256 262
256 258 261 257
258 252 261 264
259 265 254 265
261 264 274 272
261 275 267 271
262 264 259 265
264 261 265 271
264 265 265 273
264 265 271 272
265 262 274 275
266 262 268 269
266 270 271 266
266 275 265 270
267 268 262 270
267 271 268 275
267 272 262 268
269 270 263 273
270 268 271 275
271 276 274 273
271 277 271 277
271 284 271 277
272 271 274 281
272 277 285 272
272 285 278 283
273 263 274 273
273 271 279 283
273 277 274 279
274 285 285 282
275 271 283 279
275 279 272 280
278 273 273 278
278 276 276 283
279 280 281 279
280 271 277 283
281 286 282 291
281 294 284 284
282 282 288 291
282 292 288 285
283 287 282 291
283 291 294 288
285 288 292 288
285 293 289 289
286 293 285 287
287 284 285 290
287 284 292 289
289 289 282 291
290 290 281 294
291 304 292 300
291 304 300 301
292 298 298 294
293 284 295 295
293 293 288 294
293 293 302 295
295 293 297 304
295 294 305 296
296 294 293 297
297 305 298 301
298 291 292 304
298 292 303 304
298 301 298 302
298 303 295 303
298 304 297 302
299 297 292 301
302 302 301 303
302 308 309 303
302 309 302 304
303 297 291 305
303 303 309 308
304 304 312 306
305 305 314 314
305 306 309 306
306 307 311 309
306 314 307 314
307 306 304 309
307 315 311 310
308 302 306 314
308 307 308 314
309 303 307 312
311 316 319 323
312 314 311 324
312 315 325 319
312 318 325 320
312 322 316 323
313 314 321 319
313 314 325 324
314 310 303 315
314 318 316 317
314 324 321 322
315 311 317 320
315 318 324 320
317 316 320 322
318 321 316 319
319 316 317 321
320 324 314 324
321 330 325 328
321 332 325 327
322 323 324 332
322 331 325 329
323 322 323 335
323 329 325 333
324 323 326 330
324 324 328 333
324 335 332 327
325 329 335 330
325 335 321 328
326 330 329 328
330 334 329 335
331 324 325 335
331 335 329 334
332 331 341 342
332 332 332 344
332 332 344 342
332 335 331 337
332 338 340 339
332 340 343 341
334 343 336 336
334 344 344 343
335 341 345 337
336 332 331 343
337 345 345 345
338 344 337 344
338 344 339 342
341 334 332 345
341 340 343 345
341 346 343 346
341 353 352 346
341 354 354 350
342 344 345 351
343 351 341 345
344 341 343 355
347 345 352 352
347 351 352 348
348 351 341 350
348 353 353 350
348 355 341 355
350 341 347 351
351 355 352 355
351 362 358 360
352 343 345 354
352 354 344 354
352 363 360 359
353 351 353 356
353 359 364 357
354 356 360 357
354 364 352 359
355 365 358 356
356 355 361 358
357 355 355 363
357 355 356 362
358 356 365 358
360 353 352 364
360 354 358 361
360 359 351 365
361 360 364 362
363 364 362 366
363 367 368 374
363 367 371 363
365 373 371 374
365 374 368 373
366 367 374 373
367 368 362 369
367 369 370 371
368 362 368 369
368 371 368 371
368 374 374 370
369 374 363 374
370 368 364 371
371 368 374 375
372 379 382 383
372 383 384 372
373 371 381 378
373 375 374 375
374 366 368 374
375 383 374 383
375 385 376 385
376 373 378 380
376 378 372 380
377 385 380 383
378 374 383 381
379 372 378 385
379 373 382 383
379 382 384 383
381 374 380 381
381 382 383 387
381 383 384 386
381 388 394 388
381 395 383 392
382 377 378 383
382 381 381 393
384 381 390 389
384 392 382 391
385 384 395 393
385 389 392 386
385 394 395 394
386 384 393 386
387 384 395 393
391 393 394 395
391 398 402 397
391 399 399 400
392 389 389 394
392 398 393 397
392 401 391 404
392 405 402 397
393 394 384 394
393 394 402 397
393 395 387 395
393 396 400 404
393 398 405 394
393 399 402 395
393 403 402 401
393 404 398 403
395 397 405 399
397 394 404 405
399 394 392 401
401 404 414 415
401 414 406 402
402 403 403 405
403 408 402 408
403 411 407 414
404 407 407 415
404 414 412 410
405 410 408 411
408 408 409 414
410 404 404 413
411 404 411 412
411 412 413 414
411 414 421 419
411 416 422 417
411 417 420 417
411 420 414 412
411 421 421 415
412 408 415 412
412 411 424 412
412 425 419 419
413 405 410 415
413 423 421 419
414 407 407 415
414 413 419 420
414 414 412 420
414 415 422 415
415 423 413 423
419 417 425 422
420 425 414 423
421 413 412 424
421 422 421 432
422 434 435 435
423 425 422 431
423 425 428 425
424 426 431 430
424 431 434 433
424 433 429 425
425 424 424 426
425 431 432 426
425 433 434 426
426 433 421 431
426 434 432 427
427 430 421 430
427 434 425 433
429 433 421 431
432 433 436 445
432 437 436 438
433 431 440 444
434 431 439 442
434 443 435 440
435 431 438 439
435 434 438 436
436 443 437 442
436 444 434 438
438 437 432 445
438 438 439 442
440 433 443 444
441 441 449 455
441 442 438 443
441 446 445 449
441 447 445 449
441 451 449 442
441 452 441 454
441 455 447 444
442 435 442 444
442 447 447 444
442 451 455 445
443 440 442 443
443 444 454 452
444 441 448 445
444 445 452 446
444 446 442 446
444 448 446 452
446 446 446 452
448 447 453 455
451 456 457 459
451 458 454 462
451 463 457 457
453 451 458 460
453 459 456 459
454 453 458 465
454 455 452 461
454 456 454 463
454 458 464 456
454 463 464 456
455 454 465 464
457 455 456 458
457 465 462 460
460 460 463 464
461 465 462 462
461 471 464 469
462 462 473 475
463 466 468 475
464 461 475 465
464 471 471 474
464 474 464 470
466 465 471 469
470 466 468 475
471 471 469 475
471 471 478 474
471 483 472 483
471 484 480 479
472 466 466 473
472 470 470 473
472 472 462 475
472 474 467 474
472 474 475 482
472 481 482 478
473 467 467 475
473 468 470 473
473 477 482 482
473 481 477 485
473 482 478 475
475 478 479 483
475 480 473 479
478 473 485 480
480 474 471 481
480 478 484 484
480 482 481 482
480 483 483 482
481 495 491 485
482 494 485 489
483 494 489 488
483 495 482 495
485 490 481 489
486 485 491 494
487 492 485 491
489 485 483 494
490 481 487 493
490 487 486 491
490 491 494 495
491 482 494 493
491 486 482 493
491 491 501 499
491 491 501 503
491 492 503 492
491 503 494 494
492 487 489 492
492 503 501 495
493 487 481 495
493 495 502 495
493 496 497 499
495 492 505 502
495 494 503 503
496 500 496 502
497 493 501 497
498 504 504 500
498 505 504 499
499 504 495 500
501 503 512 505
501 507 508 511
501 509 514 506
502 494 503 502
503 513 504 510
504 511 505 515
505 505 501 510
505 507 514 514
507 513 508 508
508 501 504 508
508 504 504 514
508 514 511 514
508 515 511 510
509 510 504 510
510 501 505 511
510 513 508 514
511 512 516 512
511 516 523 521
511 525 514 513
512 525 523 524
513 512 524 523
513 514 523 518
513 525 512 520
515 513 517 515
517 511 525 522
517 512 513 521
517 519 517 523
519 517 519 519
520 521 523 525
521 526 524 522
522 522 519 524
522 528 523 524
522 531 535 522
523 518 523 523
523 529 525 535
525 521 534 529
525 527 533 535
525 528 535 533
525 531 535 530
527 525 535 531
528 522 535 528
529 521 531 531
529 521 531 532
530 526 534 532
531 531 528 532
531 538 541 535
531 539 543 536
531 545 538 541
532 526 524 535
532 536 531 537
532 538 544 532
534 531 540 545
534 531 541 542
535 534 536 535
535 536 533 545
535 536 540 538
536 538 534 538
536 540 532 540
537 540 531 544
537 544 532 541
541 544 531 543
542 542 555 543
542 543 549 547
542 543 552 547
542 549 553 545
542 553 547 543
543 550 550 545
543 553 541 555
543 554 544 550
543 554 552 547
544 545 552 544
544 549 545 548
545 551 545 551
548 545 543 550
548 550 555 550
549 551 541 550
551 552 565 553
551 559 564 552
551 565 558 556
554 563 565 562
555 552 551 563
555 561 558 565
555 561 563 557
558 553 554 563
558 555 563 561
558 565 558 564
559 560 561 564
560 565 556 562
561 552 551 563
561 552 551 564
561 565 561 563
562 571 572 570
563 567 567 566
564 569 566 575
565 575 571 570
567 573 571 570
568 562 566 570
568 567 571 574
569 575 564 575
570 564 563 575
570 569 565 574
571 572 561 575
571 575 572 574
572 565 571 572
572 568 561 574
572 574 575 575
572 583 574 582
575 572 571 580
575 580 581 583
576 575 582 585
576 577 572 577
577 581 581 579
578 581 585 585
578 585 576 579
579 573 579 581
580 578 585 585
580 584 576 584
581 573 575 582
581 577 572 584
581 585 583 593
581 591 581 582
582 571 577 583
582 588 587 586
582 591 593 582
583 583 587 587
583 583 588 585
583 594 593 593
584 571 573 584
585 581 594 592
586 582 593 595
586 590 584 589
586 593 585 589
587 594 588 588
588 589 588 594
590 595 595 593
591 594 601 597
591 595 605 595
592 593 603 597
592 602 604 598
593 587 593 595
594 594 603 601
594 599 591 600
594 603 604 603
594 604 605 597
596 604 594 598
597 599 600 599
598 598 595 602
598 600 603 599
599 596 597 601
599 597 594 601
601 610 611 603
602 607 605 612
602 608 614 613
602 615 612 608
603 597 604 604
603 609 604 611
604 604 609 611
605 602 612 608
605 609 612 611
606 605 609 608
607 610 611 613
608 601 614 609
608 604 605 612
610 601 605 614
610 609 614 615
611 605 613 612
611 623 614 624
612 614 625 621
612 617 618 625
612 625 621 625
614 611 625 619
614 613 614 615
614 616 621 617
614 616 625 615
614 618 625 616
614 623 612 624
617 620 612 618
618 618 622 624
620 612 619 620
621 622 622 625
621 633 632 624
622 615 625 622
622 621 635 635
622 623 622 630
622 625 623 633
622 628 629 627
622 629 635 629
622 634 635 629
623 627 635 623
624 626 627 631
624 631 625 628
625 622 631 629
625 631 631 627
626 625 622 630
627 630 628 630
630 634 625 631
631 639 641 633
631 639 643 641
632 641 632 637
632 641 642 641
633 632 641 638
633 637 642 641
633 643 640 645
634 631 632 640
635 635 637 640
635 638 635 640
635 641 643 636
636 640 644 641
637 639 631 641
639 637 645 643
641 647 652 646
643 642 649 651
644 633 631 645
644 643 654 654
644 645 653 644
644 649 654 645
645 651 650 652
645 653 644 647
646 642 649 654
647 644 642 655
647 646 655 651
648 652 643 650
648 654 646 652
649 655 642 653
650 645 643 651
651 661 655 652
651 663 659 662
651 663 661 662
652 643 644 655
652 651 657 659
652 654 661 661
652 658 653 664
652 663 652 657
655 662 655 660
656 651 663 661
656 657 665 661
657 656 660 661
659 653 658 664
659 660 657 663
661 661 659 665
661 665 667 661
661 672 674 669
662 660 660 665
662 663 662 665
662 663 667 673
662 672 672 670
663 663 674 667
664 670 664 666
666 662 671 673
666 672 661 675
667 672 668 670
668 662 672 675
669 663 672 672
669 664 674 671
670 662 670 675
671 668 664 672
672 680 685 685
672 683 673 675
673 672 680 683
673 682 679 685
674 683 679 681
675 679 673 676
676 681 674 679
676 683 681 677
676 684 676 681
678 679 685 685
679 674 672 681
679 678 676 685
679 680 681 684
679 682 671 683
681 685 687 682
681 692 692 693
682 681 684 682
682 692 693 690
682 694 689 685
682 695 695 687
684 673 680 685
684 682 685 690
686 691 695 695
687 681 692 694
687 686 681 692
687 688 687 694
687 690 689 694
689 694 686 691
690 695 687 692
691 705 696 693
692 691 703 697
692 696 704 700
692 697 692 705
692 699 695 694
693 695 692 700
693 703 703 698
694 701 693 695
694 704 692 698
695 684 690 695
697 693 692 699
699 698 701 701
700 698 702 703
700 704 701 705
701 699 700 705
701 699 705 702
701 704 715 715
702 704 708 715
702 704 712 703
702 715 707 703
703 705 712 705
703 712 704 713
704 708 705 705
704 709 710 710
706 702 710 707
708 703 714 710
709 701 704 709
709 714 714 711
711 707 711 711
711 720 724 715
711 721 723 722
711 723 711 718
712 712 702 713
712 713 724 718
712 715 715 722
712 715 722 725
712 723 711 713
713 714 722 715
713 716 723 715
714 701 705 714
714 716 720 717
714 721 715 723
715 720 711 724
716 721 720 718
719 716 723 721
720 719 720 722
721 729 725 727
722 729 733 722
722 729 733 727
722 733 721 730
722 735 725 731
722 735 727 724
723 721 734 727
723 728 724 731
724 728 725 725
726 721 731 732
726 731 725 735
727 722 724 734
728 722 735 733
728 734 732 735
731 727 730 731
731 731 743 735
731 742 744 738
731 743 734 736
733 736 733 741
733 742 739 734
734 740 734 735
734 744 738 739
735 736 740 741
736 737 738 742
736 742 740 739
736 744 738 741
737 742 745 742
737 744 735 741
738 733 732 741
741 741 745 745
741 744 747 746
741 751 748 751
741 752 750 752
742 751 748 751
743 751 741 752
744 751 754 748
745 750 743 752
746 745 743 753
746 745 749 755
747 753 754 749
748 749 753 749
748 751 746 754
748 754 747 754
751 750 748 753
751 754 765 761
752 743 754 755
752 752 755 762
752 761 752 764
753 758 753 764
754 751 751 755
754 753 761 758
755 752 761 761
755 757 765 758
756 756 753 759
757 755 762 763
758 755 757 763
758 757 760 759
758 758 764 762
761 768 769 772
762 772 761 774
763 753 764 764
763 765 762 775
763 766 771 763
764 753 758 765
764 768 773 768
765 763 766 774
765 766 772 765
765 774 771 768
766 762 762 774
766 770 773 770
767 767 761 772
768 772 765 775
768 774 769 770
771 765 769 771
771 773 777 773
772 767 771 774
772 771 778 779
772 772 784 774
773 779 783 779
773 782 785 781
774 783 779 778
775 772 784 780
775 774 783 778
775 783 777 780
776 777 781 782
777 785 785 779
778 785 777 783
779 778 771 781
781 786 792 781
782 777 774 783
782 782 788 791
782 782 795 791
782 786 783 793
783 773 774 783
784 781 783 794
784 793 786 787
784 793 787 792
785 783 792 790
785 784 795 785
785 785 793 792
786 795 790 793
788 789 791 789
788 791 783 794
791 788 786 795
791 797 795 794
793 787 785 794
793 793 791 794
793 793 798 800
794 795 804 801
794 805 794 802
795 793 803 800
796 799 802 805
798 791 798 803
798 793 791 799
798 800 805 799
799 793 795 804
799 800 804 800
799 803 793 803
801 794 795 801
801 800 791 805
801 808 802 815
801 814 810 805
802 805 807 805
802 806 810 814
802 815 813 814
803 815 809 804
804 807 804 811
804 807 808 809
804 810 806 805
805 804 815 808
806 806 815 809
806 810 813 808
808 808 808 813
809 805 815 811
809 810 809 814
811 812 812 816
811 812 813 825
812 817 823 817
814 817 823 819
814 818 812 817
814 819 818 823
815 824 812 824
816 816 816 823
817 812 817 821
817 820 816 819
817 821 820 825
818 820 821 820
819 820 819 824
820 817 817 822
820 823 815 821
821 824 835 825
821 832 824 832
821 835 829 827
822 829 821 830
823 822 826 829
823 825 828 832
824 832 835 827
825 821 821 832
825 823 826 833
825 826 835 826
826 826 833 828
826 831 831 832
828 828 828 834
828 834 832 834
831 832 830 834
831 832 834 832
831 837 839 838
832 844 833 834
834 838 843 838
834 840 839 839
834 842 843 840
835 842 836 842
837 831 840 840
837 838 843 840
839 831 831 840
839 833 831 842
841 843 843 845
841 844 844 855
842 843 832 845
842 843 845 842
842 844 852 851
842 845 837 844
843 842 849 854
844 841 839 845
844 844 853 847
844 845 848 849
844 846 850 852
844 855 850 851
845 848 844 849
848 843 855 850
848 846 852 855
849 844 844 850
850 842 853 854
850 845 848 850
850 852 848 855
851 854 853 860
852 852 865 858
853 864 856 857
855 860 856 856
856 858 856 865
857 851 852 858
857 851 861 860
857 861 861 861
858 851 861 862
858 862 855 863
859 864 862 863
859 865 858 865
860 855 857 861
860 864 864 863
861 862 867 871
861 865 875 871
862 871 866 868
862 874 865 871
864 861 854 865
864 867 865 868
865 872 867 870
866 866 868 873
867 863 869 875
867 864 866 873
867 869 864 869
867 869 875 867
867 874 866 874
868 864 864 870
869 861 875 875
870 864 872 872
871 873 880 878
871 879 881 882
871 880 880 885
871 881 876 872
871 881 880 881
873 872 875 884
873 873 885 882
873 882 877 881
874 873 871 876
874 882 876 876
875 882 881 878
876 871 881 880
880 876 883 883
881 871 877 881
881 871 881 881
882 881 890 886
883 886 881 886
883 894 883 888
884 885 895 891
884 888 883 892
885 882 884 885
886 893 891 889
887 884 881 889
887 888 894 891
887 891 894 894
889 891 889 892
889 893 889 890
890 895 890 893
891 887 890 892
891 891 895 903
891 902 901 904
892 894 896 894
893 894 902 900
893 895 894 895
893 897 900 895
893 899 904 903
893 902 899 894
895 892 900 895
895 903 902 899
896 896 900 897
896 897 895 900
898 895 896 902
899 899 905 900
899 905 891 904
901 902 910 914
901 904 906 912
902 906 903 912
902 906 908 907
903 910 915 911
903 912 907 910
904 905 902 905
905 902 913 907
905 903 907 914
906 910 913 908
907 904 908 912
908 906 907 909
909 910 915 911
910 903 905 910
910 915 909 912
911 914 918 913
911 914 921 921
911 920 923 919
912 914 911 919
912 925 917 916
913 904 913 915
913 919 911 915
913 919 921 914
915 916 919 925
916 912 920 924
917 912 914 925
917 917 918 917
919 925 917 921
920 911 923 923
921 923 923 924
921 930 921 922
921 930 927 931
922 913 921 922
922 922 934 922
922 927 922 935
922 932 923 935
925 925 927 926
927 922 921 934
927 923 922 934
927 925 927 934
927 929 921 931
928 932 922 931
929 930 921 932
931 921 931 934
931 924 934 935
931 929 932 935
931 932 942 941
931 934 932 937
931 940 938 944
931 943 936 936
934 941 935 938
935 944 940 937
937 932 935 939
937 936 942 940
937 937 939 941
938 938 934 943
939 932 939 939
939 938 942 940
940 939 941 940
940 944 933 942
941 941 941 953
941 944 954 951
941 948 954 947
941 951 954 951
942 954 943 955
942 954 949 944
943 943 953 952
943 944 952 948
943 954 947 946
944 941 931 945
944 944 953 954
946 953 948 954
948 954 952 954
951 963 951 958
952 956 954 959
952 961 962 965
953 947 944 954
953 951 952 964
953 954 959 961
953 958 964 958
953 962 952 955
953 962 961 956
954 946 949 955
954 956 964 955
955 954 954 955
955 964 952 964
956 965 965 959
957 956 965 960
958 964 959 961
960 959 956 962
961 961 956 963
961 962 975 963
961 968 970 974
961 973 963 973
961 975 968 971
962 969 964 967
962 969 966 965
964 962 971 973
964 967 966 970
965 975 962 967
966 965 971 970
966 969 965 973
968 975 970 969
971 971 965 973
971 976 976 981
971 977 984 980
971 984 974 982
972 973 985 981
973 961 968 973
973 984 978 985
974 971 961 975
974 975 980 977
976 976 976 978
977 973 983 977
977 985 979 980
979 977 979 979
980 971 973 980
980 972 972 983
981 977 985 984
981 982 982 995
981 983 983 982
981 988 989 991
981 989 995 991
982 981 994 991
984 976 979 984
984 983 983 994
984 992 991 986
985 985 990 987
985 987 994 994
985 989 991 988
986 985 981 992
986 990 981 992
988 983 988 991
988 983 989 990
990 985 993 993
990 989 992 992
991 999 993 993
991 1002 1005 993
993 997 992 1001
993 1004 991 998
994 997 1000 1004
994 1005 991 996
996 998 1004 998
996 1001 995 1002
996 1004 999 999
997 1005 993 1005
998 993 993 1000
998 1003 994 1001
999 1004 992 1000
1000 993 1002 1002
1001 994 1004 1003
1001 1007 1015 1005
1001 1010 1010 1006
1002 1002 1007 1008
1003 1010 1006 1006
1004 1006 1005 1009
1004 1010 1014 1010
1005 1001 1001 1011
1005 1007 1005 1009
1006 1011 1010 1014
1007 1001 1006 1007
1007 1002 1011 1007
1007 1006 1015 1015
1008 1001 1014 1008
1010 1011 1014 1010
1011 1013 1020 1015
1011 1014 1017 1019
1011 1015 1025 1013
1012 1014 1021 1023
1012 1024 1022 1022
1013 1001 1004 1014
1014 1023 1025 1018
1015 1011 1015 1022
1015 1011 1018 1019
1015 1015 1015 1022
1016 1020 1025 1017
1017 1023 1011 1022
1018 1023 1011 1020
1019 1023 1020 1021
1019 1025 1018 1021
1021 1021 1035 1033
1021 1026 1029 1034
1022 1023 1034 1027
1022 1025 1021 1029
1022 1034 1029 1029
1023 1016 1019 1023
1023 1032 1033 1023
1025 1028 1030 1032
1025 1035 1035 1026
1025 1035 1035 1027
1026 1024 1028 1032
1028 1023 1023 1033
1028 1025 1031 1034
1030 1024 1021 1033
1030 1026 1023 1032
1031 1038 1038 1043
1032 1033 1036 1043
1032 1033 1041 1040
1033 1033 1044 1038
1033 1035 1033 1034
1033 1036 1033 1042
1033 1042 1031 1043
1034 1038 1037 1035
1036 1039 1045 1041
1036 1042 1036 1040
1037 1041 1031 1038
1038 1041 1045 1044
1038 1044 1044 1039
1039 1031 1044 1043
1039 1042 1042 1039
1041 1043 1054 1049
1042 1031 1038 1042
1042 1043 1049 1049
1042 1050 1051 1052
1044 1041 1042 1051
1044 1048 1053 1050
1045 1043 1050 1048
1046 1043 1054 1051
1046 1055 1047 1053
1047 1041 1055 1053
1047 1044 1051 1049
1047 1048 1050 1051
1047 1048 1050 1055
1047 1051 1049 1053
1047 1054 1042 1053
1048 1041 1046 1054
1051 1053 1059 1057
1051 1062 1061 1055
1052 1059 1056 1058
1052 1064 1058 1058
1054 1052 1052 1057
1054 1060 1052 1062
1055 1063 1051 1065
1055 1064 1055 1062
1058 1052 1058 1062
1058 1056 1053 1063
1058 1057 1051 1065
1059 1051 1057 1061
1060 1053 1065 1062
1061 1057 1063 1061
1061 1065 1065 1070
1061 1072 1067 1067
1062 1059 1063 1062
1062 1064 1067 1066
1063 1066 1074 1067
1063 1073 1070 1070
1064 1064 1064 1069
1064 1069 1064 1070
1065 1069 1063 1070
1066 1074 1068 1075
1066 1074 1072 1070
1066 1075 1074 1071
1067 1067 1071 1072
1068 1065 1066 1069
1069 1072 1073 1073
1070 1063 1068 1073
1071 1073 1078 1083
1071 1075 1071 1074
1071 1079 1077 1074
1071 1080 1077 1083
1072 1085 1073 1073
1073 1076 1078 1084
1073 1077 1085 1079
1073 1080 1076 1078
1073 1085 1071 1076
1074 1076 1077 1078
1074 1082 1075 1085
1078 1071 1071 1081
1078 1079 1079 1085
1079 1078 1080 1082
1080 1073 1072 1083
1081 1084 1090 1092
1081 1091 1094 1087
1081 1094 1082 1089
1082 1081 1083 1092
1082 1081 1091 1090
1082 1095 1089 1090
1083 1086 1094 1088
1084 1087 1089 1090
1084 1093 1084 1088
1086 1081 1092 1094
1086 1083 1094 1089
1087 1085 1082 1092
1088 1085 1095 1093
1088 1091 1082 1095
1092 1091 1095 1103
1092 1097 1103 1099
1092 1102 1104 1096
1092 1103 1104 1093
1093 1103 1092 1102
1095 1085 1086 1095
1095 1094 1093 1098
1096 1095 1092 1099
1097 1097 1105 1100
1097 1098 1105 1097
1097 1104 1091 1098
1098 1100 1091 1102
1099 1094 1094 1100
1099 1105 1103 1103
1101 1106 1106 1115
1102 1112 1115 1105
1103 1100 1103 1104
1103 1102 1091 1105
1103 1111 1104 1114
1103 1112 1111 1106
1104 1106 1102 1105
1106 1101 1104 1114
1106 1101 1112 1109
1106 1102 1105 1115
1106 1103 1106 1113
1106 1105 1111 1115
1107 1102 1114 1111
1107 1115 1109 1114
1108 1114 1114 1115
1111 1105 1110 1112
1112 1124 1111 1125
1112 1124 1123 1121
1113 1111 1115 1125
1113 1113 1124 1115
1113 1121 1112 1114
1113 1124 1113 1117
1114 1115 1111 1115
1115 1113 1124 1123
1115 1122 1125 1124
1116 1111 1119 1120
1116 1114 1111 1121
1116 1119 1119 1124
1118 1124 1113 1121
1119 1113 1115 1124
1120 1118 1121 1123
1121 1131 1133 1123
1122 1111 1111 1124
1122 1127 1132 1124
1123 1122 1134 1124
1123 1133 1135 1125
1123 1135 1134 1129
1124 1122 1125 1132
1124 1127 1133 1126
1124 1128 1134 1127
1125 1121 1134 1135
1125 1125 1131 1128
1126 1127 1135 1131
1127 1121 1127 1135
1127 1132 1133 1131
1128 1121 1134 1131
1130 1127 1132 1134
1131 1135 1141 1142
1131 1137 1131 1138
1131 1140 1132 1144
1132 1134 1139 1137
1132 1143 1132 1145
1133 1141 1144 1138
1133 1144 1134 1140
1136 1135 1144 1145
1137 1135 1139 1142
1138 1131 1144 1145
1139 1134 1140 1140
1139 1135 1134 1140
1139 1138 1145 1139
1140 1139 1131 1142
1141 1150 1145 1153
1142 1142 1153 1154
1142 1143 1145 1145
1142 1150 1147 1143
1143 1136 1136 1145
1143 1146 1147 1152
1143 1148 1146 1146
1143 1148 1147 1150
1145 1146 1144 1148
1145 1146 1153 1152
1147 1147 1150 1153
1149 1145 1141 1154
1149 1147 1154 1155
1149 1153 1148 1152
1151 1149 1150 1151
1151 1152 1159 1161
1151 1155 1158 1153
1151 1161 1152 1153
1152 1156 1160 1159
1153 1163 1165 1162
1154 1147 1147 1154
1155 1160 1157 1164
1156 1163 1160 1162
1157 1159 1154 1162
1158 1158 1158 1160
1158 1158 1163 1162
1158 1165 1152 1165
1160 1162 1164 1162
1161 1153 1163 1164
1161 1172 1162 1170
1162 1163 1162 1163
1162 1172 1164 1174
1163 1162 1164 1164
1163 1173 1161 1171
1164 1168 1166 1167
1164 1168 1174 1170
1164 1174 1162 1169
1165 1167 1164 1168
1165 1167 1169 1172
1165 1173 1166 1173
1165 1174 1164 1169
1166 1164 1169 1166
1166 1166 1164 1167
1168 1168 1161 1172
1170 1166 1173 1172
1170 1174 1162 1174
1171 1173 1171 1175
1171 1175 1176 1181
1171 1183 1176 1183
1172 1173 1182 1180
1172 1175 1175 1175
1173 1183 1185 1173
1173 1185 1182 1181
1174 1175 1172 1175
1177 1179 1184 1177
1177 1181 1183 1184
1177 1185 1180 1179
1179 1177 1183 1182
1180 1173 1175 1185
1180 1181 1181 1184
1181 1182 1191 1182
1181 1185 1191 1190
1181 1187 1190 1183
1181 1190 1186 1187
1181 1192 1188 1189
1181 1194 1185 1189
1183 1182 1192 1190
1183 1188 1185 1190
1184 1177 1181 1185
1184 1186 1194 1191
1184 1193 1186 1195
1186 1190 1194 1186
1187 1195 1183 1195
1188 1191 1186 1191
1190 1186 1184 1193
1191 1192 1194 1193
1191 1195 1195 1202
1191 1196 1199 1202
1192 1194 1202 1195
1192 1195 1195 1200
1192 1196 1205 1196
1192 1200 1198 1196
1193 1197 1205 1201
1194 1196 1204 1197
1195 1202 1191 1201
1196 1204 1205 1205
1198 1198 1193 1205
1201 1196 1196 1204
1201 1202 1191 1204
1201 1210 1213 1213
1201 1213 1215 1212
1202 1196 1200 1205
1202 1203 1204 1203
1202 1208 1208 1207
1203 1197 1200 1204
1205 1201 1211 1206
1205 1202 1202 1212
1205 1208 1205 1215
1206 1201 1203 1210
1206 1201 1209 1208
1206 1204 1206 1210
1206 1210 1201 1214
1209 1207 1206 1212
1211 1202 1209 1215
1211 1214 1218 1218
1211 1220 1215 1215
1211 1224 1213 1214
1213 1201 1209 1213
1213 1208 1203 1214
1213 1222 1215 1223
1214 1219 1222 1224
1214 1219 1225 1223
1214 1225 1224 1222
1215 1213 1218 1223
1215 1215 1216 1221
1216 1212 1224 1222
1216 1222 1219 1220
1217 1219 1217 1218
1218 1223 1221 1222
1221 1228 1226 1231
1222 1221 1214 1223
1222 1227 1221 1224
1223 1216 1225 1224
1223 1223 1221 1232
1224 1233 1223 1233
1224 1235 1230 1228
1225 1230 1221 1227
1225 1232 1226 1229
1226 1225 1233 1233
1226 1229 1230 1233
1226 1231 1223 1230
1227 1233 1226 1235
1230 1234 1223 1235
1231 1233 1231 1239
1231 1235 1222 1233
1231 1244 1240 1232
1232 1229 1234 1235
1233 1232 1243 1241
1233 1241 1232 1240
1234 1233 1228 1235
1234 1242 1234 1237
1235 1238 1237 1239
1235 1238 1242 1244
1235 1240 1237 1240
1235 1243 1240 1244
1236 1236 1243 1239
1237 1231 1231 1240
1238 1234 1234 1241
1238 1234 1239 1241
1238 1234 1241 1244
1242 1241 1248 1246
1242 1255 1252 1243
1243 1242 1245 1245
1243 1243 1232 1244
1243 1251 1250 1250
1244 1250 1248 1245
1245 1249 1245 1246
1246 1241 1253 1246
1246 1241 1254 1251
1247 1249 1241 1252
1248 1242 1246 1250
1248 1251 1245 1255
1251 1244 1250 1253
1251 1256 1265 1257
1251 1257 1259 1261
1251 1258 1262 1261
1252 1242 1248 1254
1252 1243 1242 1254
1252 1258 1261 1256
1252 1263 1253 1265
1254 1260 1261 1262
1255 1247 1252 1255
1255 1265 1264 1256
1257 1252 1258 1258
1258 1255 1255 1261
1259 1257 1257 1261
1260 1261 1253 1261
1260 1264 1264 1263
1261 1259 1255 1262
1262 1252 1260 1264
1262 1256 1264 1263
1262 1265 1271 1265
1263 1270 1273 1266
1264 1264 1274 1269
1265 1263 1271 1272
1265 1264 1272 1266
1265 1270 1269 1268
1265 1271 1267 1268
1266 1270 1265 1274
1267 1267 1274 1268
1268 1270 1273 1269
1269 1272 1272 1272
1269 1274 1272 1270
1270 1263 1268 1271
1270 1264 1261 1275
1271 1263 1263 1272
1271 1275 1283 1277
1271 1285 1283 1284
1272 1285 1277 1277
1273 1275 1283 1273
1273 1281 1283 1273
1275 1282 1278 1276
1277 1278 1277 1279
1277 1281 1276 1284
1278 1284 1281 1280
1279 1271 1276 1282
1279 1273 1285 1279
1279 1277 1277 1285
1281 1278 1284 1284
1281 1284 1292 1294
1282 1276 1281 1284
1282 1285 1286 1292
1282 1286 1282 1294
1282 1288 1283 1291
1283 1274 1277 1283
1283 1285 1295 1283
1283 1289 1293 1294
1284 1284 1291 1287
1284 1288 1288 1295
1284 1295 1285 1294
1285 1285 1285 1285
1287 1283 1288 1293
1288 1281 1289 1290
1288 1294 1281 1289
1291 1305 1297 1297
1292 1286 1290 1292
1292 1292 1304 1292
1292 1296 1302 1302
1293 1295 1294 1305
1293 1297 1299 1298
1294 1292 1291 1302
1294 1300 1293 1304
1295 1290 1294 1295
1295 1292 1303 1305
1297 1293 1303 1297
1297 1303 1305 1305
1298 1293 1295 1299
1299 1301 1294 1303
1300 1299 1293 1302
1300 1299 1297 1302
1300 1304 1298 1305
1301 1307 1308 1309
1301 1309 1303 1313
1301 1313 1304 1315
1303 1301 1306 1305
1303 1309 1309 1311
1303 1309 1312 1314
1304 1309 1310 1306
1304 1314 1306 1305
1305 1302 1305 1309
1305 1312 1301 1315
1306 1301 1310 1309
1307 1306 1306 1313
1307 1310 1302 1311
1308 1306 1313 1308
1308 1308 1309 1308
1311 1313 1323 1323
1311 1317 1311 1319
1312 1312 1313 1313
1312 1322 1320 1315
1314 1315 1324 1316
1314 1320 1313 1321
1314 1320 1318 1319
1315 1314 1313 1319
1315 1317 1321 1325
1316 1321 1325 1323
1316 1323 1320 1322
1319 1319 1319 1324
1320 1315 1321 1324
1320 1324 1319 1325
1321 1322 1329 1323
1322 1315 1321 1323
1322 1327 1329 1330
1323 1323 1321 1329
1323 1323 1323 1325
1323 1329 1332 1334
1323 1330 1328 1334
1323 1333 1333 1327
1324 1335 1333 1327
1325 1334 1324 1332
1325 1335 1330 1326
1326 1327 1335 1331
1327 1327 1331 1329
1329 1327 1333 1332
1330 1322 1325 1331
1330 1326 1328 1334
1331 1332 1336 1345
1331 1340 1334 1343
1331 1344 1333 1341
1332 1345 1337 1342
1333 1339 1332 1345
1334 1339 1332 1337
1335 1338 1339 1336
1337 1338 1339 1345
1337 1340 1340 1339
1337 1341 1338 1343
1337 1343 1343 1338
1337 1344 1344 1340
1340 1335 1334 1344
1341 1338 1331 1342
1341 1343 1355 1345
1341 1345 1350 1350
1341 1352 1353 1350
1341 1354 1349 1344
1343 1331 1342 1345
1343 1350 1343 1346
1344 1345 1341 1345
1344 1350 1346 1354
1344 1352 1349 1346
1345 1354 1344 1351
1346 1346 1355 1350
1346 1353 1351 1352
1348 1352 1344 1349
1350 1343 1348 1352
1351 1355 1365 1355
1352 1352 1364 1361
1352 1360 1361 1354
1353 1341 1345 1355
1353 1349 1343 1354
1353 1363 1351 1364
1354 1359 1358 1357
1354 1365 1351 1361
1355 1352 1355 1356
1355 1362 1361 1362
1356 1351 1356 1356
1356 1361 1355 1365
1356 1364 1353 1363
1357 1364 1365 1364
1358 1357 1365 1361
1360 1363 1351 1361
1362 1367 1361 1365
1363 1355 1355 1363
1363 1366 1362 1374
1365 1361 1371 1366
1365 1364 1375 1375
1367 1362 1361 1370
1367 1370 1371 1367
1367 1374 1363 1369
1368 1368 1364 1375
1369 1364 1361 1370
1369 1368 1368 1374
1369 1372 1365 1372
1370 1364 1366 1374
1370 1375 1373 1371
1371 1372 1363 1375
1371 1375 1362 1372
1371 1375 1372 1374
1372 1374 1374 1381
1372 1385 1381 1376
1373 1381 1385 1385
1373 1385 1382 1380
1374 1372 1379 1376
1374 1374 1374 1381
1374 1378 1372 1376
1375 1378 1380 1376
1375 1380 1379 1382
1376 1377 1372 1380
1377 1374 1376 1381
1378 1379 1374 1384
1379 1375 1385 1385
1381 1382 1393 1390
1381 1383 1382 1386
1381 1395 1385 1391
1382 1372 1372 1385
1382 1382 1387 1385
1382 1383 1390 1390
1382 1387 1389 1393
1382 1390 1385 1383
1382 1393 1393 1383
1382 1394 1386 1385
1387 1384 1394 1387
1387 1389 1389 1392
1389 1389 1391 1394
1390 1391 1381 1391
1391 1381 1387 1393
1391 1392 1404 1397
1391 1393 1384 1395
1391 1401 1402 1391
1392 1401 1391 1396
1392 1403 1401 1404
1393 1392 1398 1398
1393 1401 1398 1402
1395 1398 1391 1401
1395 1399 1395 1399
1395 1400 1397 1399
1396 1396 1394 1397
1396 1399 1402 1399
1398 1404 1397 1405
1401 1394 1396 1404
1401 1406 1413 1413
1401 1407 1407 1411
1402 1397 1400 1405
1402 1402 1391 1404
1402 1404 1402 1409
1402 1407 1404 1407
1403 1402 1414 1403
1403 1411 1408 1410
1404 1414 1408 1413
1405 1409 1410 1414
1406 1406 1412 1413
1407 1411 1410 1410
1409 1412 1402 1412
1409 1414 1414 1415
1411 1402 1410 1412
1411 1412 1415 1412
1412 1409 1408 1414
1412 1412 1413 1417
1412 1418 1414 1424
1412 1424 1415 1420
1413 1407 1408 1413
1413 1411 1413 1417
1413 1419 1421 1421
1413 1424 1418 1417
1417 1415 1415 1424
1418 1414 1417 1421
1418 1416 1425 1425
1419 1416 1418 1424
1419 1424 1419 1420
1421 1420 1414 1424
1422 1421 1435 1430
1422 1430 1428 1427
1422 1432 1430 1434
1423 1418 1421 1424
1423 1422 1425 1423
1424 1421 1424 1425
1424 1423 1434 1433
1424 1435 1428 1429
1425 1432 1434 1435
1427 1429 1422 1429
1428 1427 1425 1431
1428 1427 1429 1432
1428 1432 1431 1433
1429 1426 1421 1431
1429 1432 1430 1432
1430 1431 1434 1431
1431 1427 1428 1434
1431 1439 1441 1435
1433 1434 1431 1438
1433 1434 1438 1437
1433 1439 1432 1443
1433 1444 1435 1440
1434 1437 1434 1440
1434 1438 1439 1438
1434 1441 1438 1438
1436 1441 1438 1438
1437 1445 1436 1444
1438 1443 1437 1441
1439 1439 1434 1441
1439 1442 1440 1444
1441 1431 1444 1443
1441 1448 1452 1455
1441 1452 1442 1445
1441 1453 1447 1454
1442 1435 1442 1442
1442 1448 1454 1447
1442 1451 1451 1447
1443 1453 1443 1448
1444 1453 1443 1447
1446 1445 1450 1454
1446 1453 1453 1449
1447 1444 1447 1447
1448 1441 1453 1453
1449 1449 1449 1454
1450 1443 1454 1451
1452 1450 1455 1453
1452 1458 1458 1465
1452 1463 1451 1463
1454 1450 1454 1455
1454 1457 1455 1460
1454 1459 1465 1463
1454 1462 1459 1461
1454 1464 1457 1456
1455 1458 1452 1464
1456 1455 1457 1465
1457 1451 1465 1463
1457 1463 1462 1460
1457 1465 1456 1460
1458 1460 1463 1460
1459 1462 1465 1462
1460 1455 1455 1462
1460 1459 1457 1464
1461 1463 1461 1464
1461 1469 1469 1468
1461 1475 1464 1464
1463 1475 1469 1475
1464 1466 1462 1471
1464 1470 1469 1471
1465 1471 1465 1470
1465 1473 1473 1475
1466 1463 1473 1470
1468 1462 1469 1470
1469 1472 1464 1474
1470 1467 1464 1475
1471 1474 1461 1475
1471 1474 1485 1478
1471 1481 1481 1479
1472 1463 1462 1474
1472 1468 1465 1474
1472 1478 1485 1476
1474 1471 1485 1479
1474 1473 1471 1476
1474 1475 1481 1476
1474 1476 1482 1485
1474 1481 1474 1477
1475 1485 1471 1481
1476 1476 1471 1478
1477 1473 1476 1484
1478 1475 1479 1484
1478 1482 1483 1484
1479 1484 1480 1483
1481 1487 1488 1485
1482 1485 1495 1494
1482 1487 1487 1489
1482 1494 1494 1490
1483 1483 1481 1484
1483 1487 1486 1485
1483 1489 1489 1492
1483 1494 1489 1490
1484 1480 1473 1485
1484 1485 1483 1488
1485 1485 1484 1494
1485 1488 1495 1488
1487 1484 1485 1493
1487 1485 1495 1487
1491 1491 1486 1493
1491 1501 1502 1498
1491 1504 1505 1496
1492 1498 1504 1502
1493 1493 1498 1500
1493 1502 1498 1495
1494 1501 1497 1499
1494 1502 1497 1503
1495 1481 1493 1495
1495 1498 1504 1501
1495 1502 1494 1504
1495 1502 1504 1502
1497 1493 1502 1500
1497 1498 1502 1503
1501 1495 1494 1503
1501 1501 1513 1504
1501 1501 1513 1505
1501 1503 1512 1502
1501 1506 1512 1513
1502 1494 1494 1504
1502 1501 1502 1513
1502 1505 1507 1505
1502 1511 1512 1505
1503 1504 1499 1504
1504 1501 1502 1504
1504 1502 1511 1509
1505 1510 1514 1509
1506 1504 1504 1510
1507 1508 1507 1508
1509 1501 1504 1513
1511 1516 1515 1521
1511 1524 1519 1522
1512 1507 1510 1515
1512 1511 1501 1514
1512 1525 1517 1520
1513 1520 1524 1522
1515 1514 1524 1515
1516 1514 1518 1523
1517 1514 1515 1521
1517 1521 1523 1518
1518 1515 1519 1525
1518 1518 1517 1524
1518 1521 1522 1522
1518 1523 1512 1520
1519 1520 1511 1525
1519 1520 1518 1525
1520 1516 1517 1525
1521 1528 1521 1534
1522 1528 1531 1533
1522 1530 1535 1531
1523 1527 1521 1531
1523 1527 1526 1527
1524 1523 1530 1530
1524 1524 1533 1530
1525 1522 1530 1530
1525 1525 1529 1534
1525 1532 1532 1533
1525 1535 1525 1533
1527 1524 1530 1527
1527 1530 1532 1534
1528 1532 1534 1530
1529 1532 1522 1531
1531 1532 1541 1538
1531 1545 1540 1544
1533 1539 1538 1534
1533 1545 1535 1537
1534 1540 1536 1541
1535 1545 1544 1541
1536 1532 1531 1537
1536 1545 1536 1541
1537 1537 1544 1542
1537 1543 1543 1543
1539 1533 1543 1545
1539 1545 1544 1545
1540 1534 1542 1544
1540 1544 1536 1541
1541 1541 1539 1542
1541 1541 1547 1542
1541 1553 1554 1541
1541 1554 1552 1551
1542 1545 1552 1554
1542 1546 1544 1548
1543 1553 1543 1552
1543 1553 1548 1553
1544 1548 1551 1545
1544 1555 1541 1546
1545 1543 1553 1549
1545 1548 1541 1548
1547 1549 1555 1550
1547 1552 1542 1551
1550 1541 1553 1553
1551 1551 1550 1555
1551 1554 1556 1553
1551 1558 1561 1556
1552 1556 1563 1563
1552 1560 1556 1554
1554 1552 1559 1556
1554 1559 1559 1563
1554 1562 1559 1562
1555 1551 1558 1556
1555 1559 1562 1557
1555 1561 1562 1559
1557 1565 1554 1562
1558 1556 1556 1565
1559 1551 1557 1565
1561 1555 1557 1565
1562 1561 1565 1565
1562 1562 1566 1572
1562 1573 1563 1567
1562 1574 1565 1573
1562 1575 1567 1566
1563 1561 1567 1568
1563 1563 1567 1570
1563 1563 1568 1575
1564 1573 1570 1571
1565 1575 1562 1568
1568 1563 1562 1571
1569 1572 1561 1574
1570 1565 1571 1572
1570 1572 1563 1575
1571 1568 1564 1573
1572 1575 1571 1579
1573 1571 1575 1575
1573 1572 1574 1584
1573 1579 1576 1580
1573 1583 1571 1581
1574 1562 1569 1575
1574 1580 1576 1579
1576 1580 1574 1580
1576 1580 1585 1576
1576 1582 1573 1581
1576 1582 1573 1584
1577 1576 1583 1582
1577 1585 1571 1585
1580 1580 1576 1583
1581 1586 1584 1587
1581 1590 1587 1584
1582 1584 1588 1583
1582 1588 1595 1586
1582 1589 1582 1583
1582 1594 1583 1590
1583 1578 1576 1584
1583 1578 1580 1585
1583 1585 1589 1589
1585 1587 1594 1591
1585 1588 1586 1594
1585 1595 1592 1590
1589 1588 1588 1593
1589 1592 1595 1592
1590 1583 1588 1592
1590 1584 1592 1592
1591 1591 1596 1593
1591 1597 1603 1597
1591 1600 1594 1605
1591 1601 1601 1595
1592 1584 1590 1593
1592 1593 1594 1596
1592 1599 1600 1603
1593 1600 1595 1601
1593 1605 1602 1594
1595 1595 1601 1600
1595 1605 1593 1596
1597 1596 1593 1600
1600 1599 1598 1604
1601 1597 1599 1602
1601 1600 1602 1601
1601 1605 1605 1608
1601 1606 1610 1601
1601 1609 1606 1615
1602 1603 1610 1610
1603 1603 1614 1613
1603 1613 1613 1610
1604 1592 1592 1605
1604 1608 1606 1605
1604 1612 1606 1606
1605 1601 1612 1609
1606 1612 1609 1610
1610 1615 1613 1612
1611 1608 1604 1614
1611 1611 1613 1613
1611 1617 1616 1613
1612 1610 1611 1614
1612 1611 1624 1612
1612 1615 1611 1624
1613 1602 1610 1615
1613 1611 1620 1615
1614 1611 1615 1623
1614 1614 1612 1615
1615 1613 1618 1623
1615 1616 1625 1625
1616 1614 1614 1619
1616 1615 1619 1616
1617 1620 1620 1621
1618 1624 1625 1625
1619 1613 1620 1625
1619 1623 1625 1623
1621 1623 1623 1634
1622 1623 1624 1624
1622 1625 1622 1626
1622 1629 1629 1631
1622 1631 1625 1634
1622 1634 1623 1626
1624 1632 1635 1631
1625 1623 1629 1632
1625 1628 1633 1630
1626 1623 1635 1635
1626 1626 1632 1631
1627 1630 1627 1632
1628 1630 1631 1634
1630 1621 1626 1634
1630 1631 1635 1633
1631 1636 1643 1639
1631 1641 1644 1637
1633 1621 1632 1633
1633 1639 1638 1645
1633 1642 1636 1634
1633 1643 1640 1641
1635 1631 1638 1640
1635 1632 1631 1645
1635 1636 1632 1636
1636 1635 1637 1642
1637 1631 1631 1639
1637 1638 1634 1638
1638 1636 1634 1642
1638 1640 1642 1638
1640 1639 1645 1644
1641 1643 1650 1654
1641 1651 1641 1645
1641 1651 1641 1647
1643 1644 1642 1649
1643 1651 1650 1654
1643 1654 1644 1654
1643 1655 1643 1647
1644 1635 1642 1645
1645 1641 1647 1650
1645 1646 1644 1646
1647 1653 1647 1651
1648 1645 1644 1655
1648 1651 1651 1650
1651 1641 1650 1655
1651 1649 1643 1654
1651 1652 1652 1653
1651 1663 1651 1660
1652 1652 1662 1653
1652 1660 1660 1664
1652 1660 1665 1658
1652 1664 1657 1656
1654 1661 1655 1660
1654 1663 1664 1663
1655 1664 1665 1661
1656 1658 1658 1656
1657 1652 1652 1662
1657 1656 1665 1664
1658 1655 1662 1660
1659 1653 1657 1665
1659 1663 1661 1660
1660 1660 1663 1665
1661 1661 1661 1668
1661 1669 1673 1661
1661 1673 1671 1667
1662 1664 1663 1667
1662 1670 1670 1674
1663 1662 1672 1672
1663 1666 1674 1666
1663 1670 1665 1664
1665 1667 1666 1672
1665 1667 1675 1670
1666 1661 1671 1672
1666 1668 1672 1675
1668 1670 1673 1671
1671 1683 1683 1683
1672 1676 1679 1681
1673 1663 1671 1673
1673 1681 1685 1677
1673 1683 1678 1674
1674 1672 1674 1675
1675 1675 1673 1685
1675 1682 1682 1684
1675 1684 1675 1681
1675 1684 1676 1677
1678 1676 1685 1684
1679 1671 1675 1679
1679 1672 1674 1682
1679 1679 1681 1684
1681 1679 1672 1684
1681 1682 1694 1694
1681 1683 1685 1682
1682 1679 1675 1683
1682 1682 1693 1691
1682 1689 1695 1695
1683 1681 1681 1685
1683 1692 1681 1686
1683 1695 1684 1695
1684 1675 1679 1685
1684 1681 1695 1688
1684 1693 1684 1691
1685 1687 1687 1686
1686 1689 1687 1690
1687 1688 1686 1689
1687 1694 1685 1689
1689 1684 1685 1695
1690 1682 1684 1692
1691 1692 1700 1703
1691 1702 1705 1705
1692 1692 1703 1692
1692 1699 1693 1705
1692 1700 1703 1698
1694 1695 1703 1699
1694 1701 1697 1697
1695 1701 1699 1699
1695 1702 1697 1698
1697 1696 1692 1703
1697 1703 1700 1705
1699 1701 1691 1702
1700 1692 1697 1701
1700 1705 1691 1702
1701 1703 1710 1702
1702 1700 1698 1705
1702 1701 1705 1704
1703 1702 1709 1710
1703 1705 1707 1704
1704 1703 1709 1708
1704 1712 1701 1708
1706 1701 1715 1706
1707 1714 1710 1715
1708 1715 1704 1710
1709 1707 1711 1713
1709 1711 1701 1714
1710 1702 1704 1715
1711 1718 1720 1713
1711 1723 1719 1714
1712 1702 1706 1715
1712 1703 1705 1715
1712 1712 1701 1715
1712 1716 1718 1717
1712 1718 1720 1716
1713 1718 1717 1722
1713 1721 1715 1725
1714 1715 1716 1716
1714 1722 1712 1722
1715 1714 1718 1721
1715 1725 1722 1722
1717 1721 1723 1721
1719 1718 1713 1723
1720 1714 1718 1723
1720 1724 1711 1721
1721 1716 1724 1722
1721 1722 1723 1727
1721 1723 1724 1732
1721 1725 1734 1726
1722 1724 1730 1733
1722 1732 1731 1732
1722 1735 1734 1723
1723 1723 1725 1728
1724 1723 1724 1730
1724 1726 1735 1734
1726 1721 1724 1733
1729 1733 1735 1735
1730 1725 1722 1735
1730 1729 1729 1731
1731 1731 1734 1732
1731 1734 1740 1745
1731 1736 1733 1733
1731 1742 1737 1735
1732 1735 1743 1742
1732 1736 1737 1745
1733 1731 1732 1733
1733 1735 1743 1744
1734 1732 1730 1735
1736 1733 1735 1738
1737 1745 1742 1741
1738 1738 1745 1744
1738 1740 1733 1742
1739 1743 1736 1745
1739 1743 1744 1743
1740 1733 1743 1740
1741 1745 1735 1743
1741 1752 1743 1750
1741 1753 1754 1742
1742 1746 1745 1747
1742 1753 1747 1749
1742 1753 1747 1755
1744 1749 1746 1754
1745 1744 1754 1750
1745 1746 1751 1752
1745 1750 1748 1753
1746 1741 1741 1749
1746 1749 1742 1755
1747 1752 1755 1752
1748 1744 1743 1750
1750 1749 1745 1752
1751 1751 1758 1761
1751 1756 1757 1756
1751 1758 1753 1758
1751 1760 1760 1756
1753 1747 1743 1754
1753 1757 1755 1756
1753 1760 1760 1765
1755 1760 1760 1758
1755 1764 1751 1756
1756 1762 1753 1762
1757 1753 1758 1757
1757 1762 1762 1765
1758 1752 1762 1759
1758 1755 1754 1759
1758 1762 1761 1763
1760 1760 1764 1762
1761 1767 1772 1766
1761 1772 1763 1771
1761 1775 1771 1765
1762 1773 1763 1770
1763 1765 1769 1773
1764 1769 1773 1765
1765 1765 1771 1771
1765 1769 1770 1767
1765 1771 1769 1774
1765 1773 1775 1773
1766 1774 1761 1775
1767 1763 1765 1768
1767 1769 1766 1774
1769 1762 1766 1770
1769 1768 1768 1769
1771 1773 1784 1781
1771 1781 1783 1773
1772 1776 1778 1781
1772 1780 1773 1785
1772 1785 1771 1783
1774 1773 1775 1774
1775 1771 1774 1783
1776 1772 1775 1785
1776 1779 1771 1779
1776 1784 1774 1778
1777 1780 1780 1784
1779 1772 1785 1782
1779 1779 1783 1779
1779 1782 1776 1785
1781 1773 1779 1784
1781 1788 1795 1785
1781 1793 1781 1793
1782 1789 1791 1787
1782 1792 1794 1788
1782 1794 1787 1789
1784 1782 1788 1785
1784 1784 1787 1792
1784 1791 1783 1791
1785 1783 1786 1795
1785 1787 1785 1791
1785 1792 1792 1785
1787 1782 1790 1789
1788 1794 1787 1795
1789 1795 1782 1794
1791 1799 1793 1804
1792 1802 1794 1795
1792 1805 1797 1793
1793 1783 1788 1793
1793 1796 1794 1804
1793 1796 1801 1796
1794 1798 1802 1797
1794 1801 1795 1804
1794 1805 1794 1804
1795 1794 1802 1800
1795 1799 1792 1798
1795 1804 1799 1802
1796 1803 1792 1805
1797 1797 1792 1804
1797 1798 1804 1798
1800 1805 1794 1802
1801 1814 1810 1810
1802 1813 1811 1810
1802 1814 1807 1809
1804 1815 1808 1807
1805 1802 1807 1811
1805 1815 1810 1809
1806 1811 1813 1806
1807 1803 1812 1807
1809 1806 1805 1812
1809 1807 1801 1811
1810 1806 1808 1812
1811 1811 1811 1814
1811 1813 1818 1817
1811 1817 1818 1819
1811 1824 1819 1814
1811 1825 1813 1819
1812 1802 1805 1813
1812 1812 1811 1813
1812 1816 1815 1824
1813 1810 1804 1815
1813 1823 1819 1824
1814 1804 1804 1814
1815 1811 1821 1822
1816 1823 1815 1824
1817 1811 1818 1821
1818 1825 1824 1821
1819 1823 1814 1825
1820 1816 1815 1823
1820 1817 1825 1821
1821 1822 1826 1835
1821 1829 1829 1828
1821 1831 1821 1827
1823 1812 1813 1825
1823 1824 1826 1826
1823 1825 1835 1827
1823 1828 1833 1834
1823 1830 1828 1834
1823 1831 1824 1830
1825 1825 1831 1830
1826 1829 1828 1830
1826 1829 1834 1829
1827 1821 1826 1831
1827 1830 1834 1830
1829 1833 1824 1832
1830 1827 1833 1834
1831 1831 1836 1842
1831 1840 1836 1835
1831 1840 1841 1842
1832 1842 1836 1842
1833 1834 1837 1845
1833 1844 1831 1837
1835 1843 1842 1844
1836 1843 1831 1844
1837 1837 1845 1845
1837 1843 1842 1838
1838 1843 1837 1843
1839 1842 1835 1841
1840 1838 1834 1843
1840 1845 1844 1842
1841 1839 1844 1844
1841 1848 1843 1842
1841 1850 1842 1847
1841 1852 1851 1848
1842 1841 1851 1847
1842 1844 1855 1850
1843 1841 1852 1843
1843 1842 1844 1847
1844 1846 1848 1851
1845 1848 1843 1850
1845 1852 1847 1846
1845 1853 1854 1854
1846 1847 1853 1850
1849 1842 1854 1849
1849 1846 1851 1850
1851 1858 1858 1858
1851 1864 1860 1857
1852 1854 1852 1854
1853 1864 1864 1860
1854 1845 1852 1854
1855 1851 1864 1864
1855 1852 1855 1864
1855 1864 1853 1864
1856 1864 1859 1861
1857 1853 1860 1864
1858 1862 1856 1860
1860 1852 1853 1863
1860 1860 1864 1860
1860 1861 1862 1861
1861 1861 1871 1865
1861 1869 1868 1866
1862 1863 1867 1868
1862 1863 1868 1866
1862 1864 1863 1870
1862 1864 1870 1867
1863 1861 1856 1865
1863 1864 1859 1864
1863 1867 1875 1865
1864 1865 1867 1872
1865 1868 1867 1866
1867 1863 1875 1875
1867 1867 1870 1871
1868 1863 1870 1869
1868 1870 1873 1872
1869 1864 1867 1873
1871 1875 1878 1885
1871 1876 1883 1872
1872 1885 1876 1877
1873 1869 1870 1875
1873 1875 1881 1877
1873 1879 1873 1883
1873 1881 1875 1878
1875 1871 1881 1876
1875 1876 1872 1885
1875 1881 1878 1880
1877 1874 1871 1883
1877 1882 1882 1883
1879 1873 1876 1880
1879 1884 1876 1880
1880 1872 1879 1883
1880 1882 1874 1882
1881 1891 1881 1884
1881 1895 1895 1887
1882 1889 1894 1888
1883 1887 1885 1885
1883 1895 1892 1893
1885 1890 1893 1885
1886 1888 1893 1888
1889 1884 1892 1894
1889 1892 1891 1895
1889 1893 1894 1895
1890 1885 1890 1895
1890 1890 1888 1893
1891 1895 1897 1904
1891 1896 1903 1903
1891 1897 1896 1895
1892 1891 1889 1893
1892 1896 1902 1904
1893 1895 1893 1895
1893 1895 1896 1902
1893 1905 1899 1905
1894 1892 1891 1895
1894 1896 1898 1895
1895 1905 1891 1904
1897 1891 1898 1899
1897 1897 1891 1900
1898 1891 1898 1903
1898 1899 1898 1902
1898 1904 1893 1901
1898 1904 1905 1898
1901 1892 1904 1902
1901 1908 1907 1905
1901 1911 1913 1904
1902 1903 1901 1913
1902 1908 1905 1908
1902 1908 1912 1913
1902 1908 1914 1911
1904 1905 1913 1913
1905 1909 1904 1914
1906 1902 1906 1907
1906 1902 1910 1906
1906 1912 1907 1908
1907 1908 1914 1915
1907 1910 1905 1915
1909 1914 1907 1912
1911 1912 1903 1913
1911 1912 1917 1920
1911 1913 1922 1913
1911 1917 1912 1923
1911 1919 1912 1912
1911 1919 1924 1923
1912 1923 1917 1914
1912 1925 1922 1919
1914 1911 1917 1925
1914 1912 1916 1918
1914 1917 1915 1922
1915 1918 1923 1917
1917 1913 1915 1917
1918 1916 1921 1919
1919 1912 1919 1924
1920 1916 1922 1922
1921 1924 1928 1930
1921 1927 1921 1929
1921 1929 1933 1929
1922 1929 1930 1930
1922 1931 1927 1931
1923 1924 1935 1928
1924 1922 1934 1925
1924 1932 1935 1930
1925 1933 1933 1931
1925 1935 1922 1934
1925 1935 1924 1931
1926 1926 1926 1929
1926 1933 1927 1928
1928 1927 1932 1932
1929 1934 1921 1932
1931 1936 1943 1934
1931 1937 1944 1943
1931 1939 1933 1935
1931 1941 1945 1935
1932 1931 1941 1944
1932 1942 1931 1939
1932 1943 1933 1943
1932 1945 1934 1943
1933 1936 1937 1943
1933 1940 1934 1937
1935 1942 1934 1936
1936 1945 1942 1945
1938 1933 1944 1942
1941 1934 1937 1942
1941 1943 1945 1949
1942 1941 1954 1948
1942 1951 1954 1950
1943 1938 1933 1945
1943 1943 1951 1946
1943 1943 1953 1943
1943 1955 1945 1952
1944 1949 1951 1951
1944 1955 1951 1948
1945 1941 1947 1947
1946 1948 1944 1947
1946 1955 1945 1950
1947 1944 1951 1955
1947 1950 1947 1948
1949 1942 1946 1950
1951 1953 1944 1953
1951 1955 1965 1956
1951 1959 1960 1953
1951 1960 1958 1952
1951 1963 1962 1958
1952 1959 1959 1964
1952 1960 1954 1959
1952 1964 1964 1952
1954 1961 1963 1955
1954 1963 1959 1959
1954 1964 1952 1961
1956 1961 1962 1957
1958 1951 1958 1962
1958 1954 1958 1965
1960 1952 1951 1963
1960 1962 1954 1965
1961 1964 1973 1966
1961 1966 1969 1972
1962 1972 1963 1967
1963 1971 1965 1971
1963 1975 1966 1972
1964 1961 1973 1975
1964 1966 1968 1973
1965 1968 1967 1968
1966 1962 1966 1972
1966 1963 1964 1975
1966 1967 1964 1974
1967 1962 1972 1970
1967 1962 1974 1969
1968 1974 1965 1973
1969 1965 1961 1975
1971 1975 1980 1976
1971 1981 1985 1984
1972 1973 1975 1984
1972 1975 1980 1974
1972 1981 1973 1973
1972 1983 1979 1975
1973 1975 1982 1980
1974 1985 1977 1982
1975 1984 1971 1978
1975 1985 1976 1984
1977 1979 1972 1984
1978 1979 1983 1980
1979 1977 1979 1980
1981 1982 1982 1985
1981 1986 1995 1983
1981 1991 1986 1982
1981 1991 1991 1992
1982 1986 1990 1987
1982 1994 1990 1984
1983 1974 1984 1984
1983 1990 1995 1988
1985 1990 1990 1994
1986 1981 1990 1991
1986 1984 1982 1989
1986 1989 1991 1995
1987 1987 1989 1989
1987 1993 1994 1990
1988 1990 1984 1989
1990 1995 1994 1991
1991 1994 1997 1991
1991 2003 2002 1998
1992 1992 1999 1997
1992 2002 1991 2000
1993 1998 1996 2004
1994 1981 1991 1994
1994 2000 1994 1998
1994 2001 1993 1995
1995 1992 2001 2003
1996 1991 1998 1999
1996 1992 2004 1996
1996 1997 2003 2005
1997 2001 1995 2003
1997 2005 2001 2000
2000 1996 1995 2002
2004 1997 2001 2004
