1 3 12 1
1 11 1 11
1 14 7 15
2 1 4 7
4 4 7 12
4 10 1 11
5 1 5 13
5 9 4 7
5 15 10 12
7 2 4 10
8 3 13 13
8 4 2 15
8 8 14 11
8 13 2 15
10 15 12 12
11 17 20 12
11 18 21 18
12 14 19 20
12 23 19 15
13 19 12 14
15 17 25 15
17 17 19 21
19 14 12 20
19 15 23 20
20 17 11 22
20 21 20 23
20 23 17 21
21 23 23 22
22 16 23 22
22 18 24 22
22 27 30 22
22 30 21 34
22 35 21 25
23 21 32 23
24 34 21 29
25 28 26 29
26 21 23 29
26 29 22 34
26 31 31 28
27 27 27 30
27 27 34 32
27 35 33 30
29 34 25 34
30 32 31 32
31 35 45 31
32 25 21 33
32 31 37 34
32 38 40 40
33 42 32 34
33 45 36 35
35 36 34 45
35 44 43 37
35 45 39 41
36 37 44 37
37 39 38 40
39 35 39 39
39 36 41 42
39 40 45 42
41 41 41 45
41 51 48 46
42 33 37 45
42 42 53 48
42 47 51 47
43 44 49 54
43 54 53 50
44 42 50 48
44 52 53 46
46 47 53 49
47 43 52 55
47 53 43 49
48 42 42 48
48 50 41 55
48 51 53 53
49 50 44 51
51 45 54 53
51 59 60 58
52 52 58 53
52 55 56 64
52 59 58 63
53 62 61 57
54 53 64 65
54 55 55 57
56 51 56 57
57 58 59 61
58 61 54 65
58 63 55 62
60 54 52 61
61 61 62 62
61 62 61 62
61 65 56 64
62 67 62 75
62 73 75 70
63 64 61 70
63 68 66 72
63 75 71 67
64 71 68 69
65 51 60 65
65 62 70 75
66 66 64 74
66 70 74 73
67 64 69 69
68 61 62 70
71 63 71 73
72 62 63 74
72 78 85 72
72 80 76 73
72 82 83 79
73 62 73 74
75 77 85 79
75 83 71 77
76 75 78 80
77 71 71 81
78 71 75 80
78 85 84 85
80 72 82 83
80 77 81 80
80 84 82 83
80 85 77 84
81 81 91 88
81 87 84 87
82 72 83 82
82 83 72 84
82 87 90 90
82 92 87 87
83 90 92 94
83 94 86 87
84 81 84 92
84 89 95 90
87 82 82 88
87 89 88 88
88 93 92 94
89 90 95 89
89 94 87 91
91 94 103 97
91 96 94 100
91 104 93 97
91 104 99 93
92 95 85 93
92 99 99 93
92 100 99 95
93 95 99 96
94 82 90 94
94 96 105 95
94 102 103 95
96 94 96 97
99 102 103 103
100 103 104 100
101 95 103 104
101 100 97 104
101 105 110 103
101 111 107 114
102 104 113 107
102 114 106 115
103 104 112 105
104 91 103 105
104 101 101 113
104 111 112 110
105 103 109 105
105 108 106 110
106 109 111 109
107 101 105 107
108 112 109 109
109 112 106 114
111 108 109 114
111 118 112 121
112 112 102 113
112 114 112 120
113 115 112 119
113 121 122 113
113 122 111 114
113 123 124 125
114 125 119 119
115 111 113 123
115 111 118 120
118 115 115 121
120 120 113 121
120 125 117 121
121 120 119 124
122 126 126 132
122 127 123 129
122 127 128 131
122 127 133 134
123 117 125 125
123 122 116 125
123 122 127 131
124 126 135 129
125 127 125 133
125 128 133 130
125 135 135 131
126 129 131 130
127 121 128 133
127 125 129 134
129 122 124 133
130 131 134 134
131 135 139 135
131 136 141 137
131 139 132 145
131 139 144 143
131 142 132 139
131 142 138 136
132 135 121 135
132 135 145 142
134 132 136 142
134 135 134 136
134 142 145 145
134 145 132 143
136 132 131 142
136 140 144 143
137 138 138 137
141 132 132 143
142 153 142 143
143 149 151 155
143 154 155 147
144 148 141 150
144 149 141 153
145 144 143 147
145 145 154 148
145 154 143 149
148 148 147 151
149 141 154 155
149 151 142 152
150 149 149 153
151 144 149 151
151 153 156 165
151 154 162 160
152 151 154 153
152 154 163 163
153 156 163 155
154 141 149 155
154 152 158 158
154 153 155 156
154 153 157 164
155 151 154 160
155 152 161 162
155 154 160 156
156 158 153 162
156 162 154 162
157 154 163 157
157 156 156 158
159 158 159 165
161 166 169 167
161 173 169 175
162 166 161 166
163 162 175 167
163 166 163 170
163 167 169 172
163 170 171 169
163 171 162 166
165 164 173 171
165 165 170 167
166 172 172 170
167 162 163 174
167 165 163 175
169 171 164 172
170 171 164 174
171 176 177 172
172 184 172 185
174 180 184 184
175 172 173 176
175 172 180 175
175 181 175 176
176 172 178 184
176 176 183 178
176 184 184 177
178 183 185 181
179 183 184 179
180 180 182 183
181 175 172 185
181 194 182 183
182 179 182 184
182 183 181 194
182 185 184 183
182 186 190 190
182 189 181 190
182 189 190 191
182 192 190 192
182 195 189 191
183 185 190 195
183 191 181 187
183 191 190 190
183 191 191 186
184 185 185 190
185 185 189 186
185 194 188 194
191 194 200 205
191 204 198 198
192 192 194 205
192 200 202 200
192 203 199 198
193 186 193 194
193 196 199 201
193 199 193 204
193 200 192 204
195 194 201 199
198 199 199 205
199 195 196 200
201 194 200 205
201 210 204 212
201 210 204 214
202 202 203 203
202 202 205 210
202 203 203 204
202 208 201 213
202 215 213 203
203 205 213 210
203 214 215 215
204 191 202 205
208 202 210 212
208 202 212 208
211 204 210 215
211 209 205 215
211 211 201 213
211 211 211 212
211 211 219 222
211 216 214 215
211 216 223 219
212 218 213 218
212 223 221 221
214 201 213 214
214 211 201 215
214 219 219 222
215 209 213 215
216 217 225 224
216 223 218 225
217 218 219 219
217 225 213 218
218 211 215 223
218 217 225 218
221 227 227 232
221 233 223 232
222 229 226 225
222 230 227 226
223 220 215 225
223 223 224 224
223 224 225 231
224 225 234 231
224 229 230 228
225 224 222 235
225 228 228 227
226 230 226 228
227 235 234 229
228 221 227 234
229 225 225 230
229 227 233 235
229 229 224 234
231 233 238 245
231 236 238 232
232 237 236 234
233 245 234 235
234 239 232 244
234 239 240 239
234 241 244 236
237 231 245 243
237 233 236 241
237 240 238 241
238 232 238 238
238 233 231 239
239 232 242 241
239 239 238 244
240 233 240 242
242 246 250 244
242 253 244 247
242 254 243 246
243 244 249 250
243 253 248 247
243 253 249 254
244 241 243 247
245 243 245 248
246 245 246 247
247 241 253 251
248 252 253 248
249 243 247 249
249 249 255 250
249 251 246 252
251 247 247 254
251 257 253 257
252 258 265 259
252 260 259 265
253 256 261 257
254 255 260 263
254 262 254 259
255 251 254 257
256 251 265 256
256 258 263 260
256 259 252 260
256 263 257 265
257 257 262 258
257 259 254 264
257 259 257 265
258 265 263 265
261 268 265 269
262 265 272 266
262 267 261 270
262 269 274 266
262 273 274 272
264 262 266 265
264 275 266 275
268 268 273 275
268 275 271 272
270 271 264 272
271 265 275 274
271 266 275 272
271 268 266 272
271 270 264 275
271 271 262 274
271 274 272 276
271 275 276 284
271 276 275 281
272 274 275 284
272 285 271 275
273 274 274 279
273 285 275 283
274 279 282 277
274 280 276 283
274 280 280 276
274 281 284 285
275 274 284 275
278 272 274 283
279 285 280 280
281 271 279 282
281 281 293 288
281 285 288 293
281 289 295 281
281 294 294 295
282 289 287 287
283 282 287 295
283 287 289 292
283 290 283 288
284 284 288 295
284 292 290 287
285 284 289 295
285 285 295 290
291 288 286 294
291 300 300 297
291 303 302 299
292 287 292 295
292 289 282 295
292 299 299 293
292 304 302 295
294 295 292 297
294 299 297 297
295 296 299 295
295 304 295 304
295 305 299 301
296 294 299 300
296 300 298 299
297 296 302 297
298 305 302 304
301 298 297 304
301 305 314 302
301 311 306 302
302 304 309 304
302 311 303 310
302 312 301 310
303 307 313 311
304 299 291 305
304 305 311 307
305 301 309 308
305 311 315 315
306 308 305 311
306 310 306 308
307 302 305 314
307 306 304 310
307 313 313 310
311 312 325 314
311 314 322 322
311 319 320 319
311 322 321 320
312 307 305 315
312 313 323 313
312 325 323 317
313 314 312 325
315 320 313 318
317 312 313 318
317 320 311 318
319 311 311 325
319 318 313 325
321 311 315 322
321 317 323 324
321 327 325 323
321 333 329 325
321 334 333 333
322 322 323 324
322 335 331 334
323 319 312 325
323 322 331 330
323 323 330 335
323 334 323 329
325 327 324 334
326 331 333 328
328 326 333 335
329 321 334 333
330 335 332 332
331 334 344 337
332 338 338 334
333 337 344 334
334 327 335 334
334 331 337 342
334 334 332 345
334 335 323 335
334 343 336 342
334 344 332 338
334 344 334 342
334 344 342 345
336 333 338 345
337 337 345 341
339 331 345 343
339 335 332 341
341 344 345 344
341 352 350 352
342 334 333 345
342 341 343 342
342 344 343 349
342 351 342 343
343 334 337 344
344 350 350 352
344 355 342 347
345 347 355 351
345 351 351 355
347 343 352 354
348 347 341 350
348 354 352 351
349 350 350 354
350 343 345 352
350 347 346 354
351 351 351 355
351 357 358 359
351 358 365 358
352 365 354 365
353 354 353 356
353 355 362 357
353 363 354 359
353 365 355 357
354 351 358 365
354 357 360 357
355 356 356 365
355 356 358 360
355 357 361 359
355 364 355 362
358 361 354 362
361 368 366 364
361 368 373 368
362 365 361 366
362 372 363 370
364 363 363 372
365 373 367 369
367 362 370 369
367 366 364 368
368 365 369 374
369 374 370 372
370 361 374 370
370 372 365 375
371 372 361 375
371 372 362 373
371 379 374 383
372 380 376 383
372 380 380 374
372 384 372 377
373 379 374 378
374 363 367 375
374 375 385 379
375 371 378 376
375 382 374 383
375 383 376 384
376 385 377 381
378 374 380 378
378 379 385 385
379 373 375 382
379 376 374 383
379 380 380 381
381 387 391 382
381 392 393 385
382 387 386 387
382 392 388 385
382 394 386 387
383 394 388 388
384 381 384 394
384 394 385 395
386 386 388 387
386 393 395 392
387 389 394 392
388 385 394 390
388 387 387 395
388 392 389 389
390 385 385 391
391 392 391 397
393 396 395 404
393 396 403 399
393 401 391 405
395 400 399 397
396 395 393 399
396 403 395 400
397 392 397 400
399 401 402 401
400 395 395 402
400 403 401 404
400 404 398 402
400 404 399 403
401 407 411 404
402 399 404 404
402 401 409 402
402 405 414 414
403 401 392 404
403 404 414 405
403 405 413 412
404 414 402 413
405 412 415 405
406 403 403 411
408 414 403 410
409 411 410 413
410 401 413 415
410 403 408 411
410 412 401 413
411 411 421 414
411 412 415 412
411 417 411 422
411 425 420 425
412 410 406 415
412 410 411 415
412 413 418 414
412 414 417 418
414 423 419 420
415 415 419 425
415 419 418 416
417 416 414 422
417 420 414 425
418 417 424 421
421 417 419 424
422 414 425 425
423 413 414 424
423 427 421 424
424 423 434 433
424 435 433 428
426 421 431 434
426 422 431 430
426 423 428 429
426 426 429 428
426 434 424 434
426 435 435 435
427 421 421 431
427 427 423 434
428 421 424 428
428 422 434 433
429 431 431 434
431 435 431 432
431 443 436 440
432 428 426 433
432 438 440 445
433 435 434 434
433 436 433 441
433 443 438 442
434 432 434 442
434 440 443 441
435 432 436 439
435 432 440 437
435 432 442 443
435 434 439 439
438 439 431 444
439 440 433 442
439 444 439 440
441 441 453 446
441 446 448 447
441 450 442 446
441 450 453 447
442 451 454 449
444 448 444 454
445 446 448 454
445 453 448 448
445 454 441 451
446 449 447 450
447 442 453 455
447 446 455 449
448 449 451 454
449 451 453 454
451 463 451 452
452 445 454 454
452 458 452 454
453 454 454 465
453 455 458 463
453 456 458 456
453 456 463 457
454 458 457 463
454 460 459 460
455 452 453 464
456 451 453 462
456 462 453 462
457 455 451 460
457 463 454 460
458 452 458 459
461 466 471 471
461 472 463 462
462 461 461 464
462 464 466 474
462 470 462 467
463 460 457 464
463 463 475 464
463 466 468 463
465 461 472 472
466 461 475 474
467 471 474 472
467 473 471 475
468 465 463 472
469 466 466 469
471 463 474 474
473 472 472 474
473 483 477 475
474 462 467 475
474 481 473 475
475 478 484 479
476 471 473 485
476 485 485 477
478 484 477 479
479 473 481 481
479 477 478 483
479 484 472 484
479 484 480 482
479 484 480 485
481 483 473 483
482 486 485 488
482 490 491 492
483 482 476 484
483 486 486 492
483 487 483 485
484 480 482 485
484 483 482 486
484 490 484 487
484 490 494 491
484 494 484 487
485 486 491 490
486 485 489 491
486 493 490 494
487 484 492 490
489 495 486 491
491 493 499 502
492 481 485 495
492 492 494 498
492 492 504 495
492 492 504 497
492 501 504 496
492 502 499 496
492 503 498 497
493 489 489 494
493 505 492 495
495 494 501 496
496 501 496 497
498 492 491 502
498 503 494 504
498 503 496 505
499 493 491 505
502 494 492 505
