2 1 12 2
2 13 9 4
3 3 5 15
3 3 11 14
4 6 7 9
5 2 13 11
5 8 2 15
5 12 1 14
8 1 14 15
8 9 5 13
8 15 1 10
9 1 5 11
9 2 7 11
9 4 15 14
9 6 2 13
11 14 15 11
12 14 19 17
12 16 11 15
12 17 19 22
12 18 25 21
12 19 12 25
12 22 22 20
12 25 25 17
14 23 11 22
15 20 11 16
16 18 19 18
16 24 16 24
17 14 22 21
20 19 22 21
21 23 23 24
21 26 31 33
21 28 35 25
21 33 28 33
22 27 25 33
23 32 27 27
24 28 25 34
25 25 35 31
26 24 33 34
26 27 24 35
28 31 35 31
30 25 25 32
30 25 31 30
30 35 32 34
31 27 21 32
31 33 25 35
31 39 34 35
32 37 31 39
32 40 38 38
32 42 32 38
33 37 35 35
33 45 44 40
34 32 34 38
34 37 38 43
35 41 42 45
36 33 40 41
37 40 45 42
38 37 41 43
39 32 43 44
41 39 43 41
42 31 34 44
42 46 47 49
42 51 49 54
43 42 49 47
43 43 42 52
44 46 51 44
45 42 41 49
45 43 52 49
46 43 41 51
47 41 48 55
47 45 55 49
49 47 43 55
49 50 45 51
49 55 46 50
51 47 48 52
51 60 53 64
52 41 54 53
52 52 54 60
52 53 51 59
52 54 56 63
52 54 62 58
52 58 59 54
54 51 54 57
54 58 54 56
55 53 57 64
55 57 64 62
55 65 61 59
58 64 57 60
59 58 59 63
61 63 73 71
61 69 65 75
61 70 74 67
61 72 62 73
62 62 67 64
62 64 56 63
62 70 67 71
63 68 64 64
64 57 61 64
64 74 68 65
67 72 69 72
68 70 64 74
69 61 65 73
69 63 71 71
70 72 67 73
71 71 74 78
71 74 80 77
71 75 73 73
71 80 85 84
72 62 69 72
72 71 68 73
72 73 71 84
72 79 84 73
73 71 85 81
74 78 83 82
75 82 74 77
76 74 75 84
76 82 73 82
76 84 84 85
77 71 84 79
80 71 85 82
81 82 81 83
81 91 82 88
82 82 85 85
82 94 85 94
82 94 89 90
82 94 92 92
83 83 85 90
83 84 90 90
84 84 85 91
84 88 92 84
84 88 94 89
86 85 84 88
86 94 82 93
87 82 81 90
90 95 87 94
91 93 99 95
91 94 95 101
91 105 97 96
92 105 95 102
93 104 99 96
93 105 93 102
94 85 90 94
94 97 96 104
94 104 103 97
95 100 99 96
96 98 99 104
96 102 97 101
98 91 105 103
98 94 99 98
100 104 96 104
101 105 104 102
101 105 114 104
101 115 106 110
103 102 109 108
103 109 105 111
103 113 115 111
103 114 109 112
103 114 115 114
104 108 104 111
104 110 106 115
105 115 112 113
107 113 112 110
110 113 105 114
111 119 115 124
112 101 115 113
112 122 112 121
113 110 101 114
113 111 124 122
113 114 114 114
114 108 110 115
114 116 117 115
114 121 118 122
115 112 122 120
116 116 111 119
116 121 125 124
117 113 121 119
119 112 114 122
120 115 118 121
120 123 111 122
121 122 135 127
122 121 121 124
122 123 127 131
122 125 119 124
122 128 128 123
123 121 132 132
123 121 132 135
123 127 125 130
123 131 124 124
123 132 122 127
124 133 121 132
124 134 123 134
126 126 121 133
126 134 128 132
127 130 124 132
131 126 131 134
131 131 142 135
131 133 142 140
131 144 136 138
132 128 127 135
132 139 139 137
132 145 137 134
133 131 145 140
133 134 140 133
133 144 144 137
136 142 133 143
137 144 141 144
138 139 143 140
140 134 137 140
141 140 145 145
141 141 152 141
141 142 132 145
141 142 150 146
141 144 154 141
142 140 143 142
142 143 144 154
142 152 141 146
143 146 141 149
143 149 152 150
145 146 142 152
145 149 149 151
146 144 142 153
146 153 144 154
148 144 144 152
148 154 150 152
149 150 155 154
152 142 141 153
152 157 155 164
152 160 163 157
152 165 165 154
153 153 153 159
155 152 158 162
155 161 156 163
155 165 156 161
156 158 163 158
157 160 156 160
158 152 162 164
158 158 161 158
158 160 163 165
159 160 162 163
160 157 156 164
161 161 167 174
161 164 160 163
161 170 168 173
162 167 166 166
163 164 173 168
165 162 162 171
165 166 173 169
166 161 168 169
166 169 171 175
167 167 165 175
167 169 164 172
168 166 166 172
168 170 171 171
169 162 173 171
169 169 166 175
172 173 171 184
172 185 179 182
173 161 175 173
173 172 176 174
173 175 181 183
173 185 182 184
174 177 173 183
175 179 185 183
175 182 175 182
176 176 182 181
176 184 179 183
177 171 175 179
177 173 177 181
177 173 185 182
178 184 179 184
181 187 190 192
181 189 195 192
181 194 186 187
182 179 173 183
182 192 184 184
184 192 187 193
186 184 189 188
187 181 194 190
187 184 190 187
187 190 183 189
187 192 193 188
187 194 195 194
188 189 191 189
189 195 181 194
190 185 181 191
192 192 202 193
192 196 191 204
193 191 189 194
193 194 195 196
193 194 198 199
193 198 195 204
194 201 196 198
194 205 203 200
195 191 195 197
195 201 192 200
197 197 201 198
197 199 205 199
199 192 201 202
199 200 202 204
200 203 191 203
201 211 213 201
201 214 209 207
202 195 202 204
202 207 208 202
202 207 209 215
202 212 201 203
202 212 213 205
203 204 202 212
203 209 211 212
203 210 212 203
205 206 211 213
206 203 215 208
207 205 205 215
207 212 210 212
209 206 210 212
210 207 214 212
211 222 211 217
212 225 211 215
213 221 222 221
214 212 214 215
214 212 216 219
215 222 217 218
216 215 212 218
216 218 223 221
218 212 217 224
218 212 221 223
219 214 218 223
219 223 222 220
220 223 220 223
221 221 224 223
221 228 233 232
221 235 235 222
222 215 213 225
222 222 224 234
222 222 229 228
222 228 225 234
222 235 225 232
223 224 223 228
223 230 227 230
223 233 222 231
224 215 224 225
224 226 222 230
224 231 224 231
228 234 222 235
231 224 233 233
231 237 244 233
231 240 241 231
232 229 232 234
232 241 243 240
232 243 232 239
233 234 245 244
233 244 232 240
233 245 237 243
234 234 235 238
236 236 236 237
236 241 236 241
236 241 241 243
237 234 232 238
237 238 239 244
239 235 232 242
241 241 233 242
242 244 248 253
242 254 249 253
243 245 244 249
243 247 246 251
244 248 244 252
244 251 254 246
246 247 243 248
246 252 246 252
247 244 244 254
247 245 243 254
247 248 252 254
249 241 242 249
249 248 242 250
250 246 244 254
252 254 255 264
252 259 258 261
253 251 261 257
254 249 244 255
254 256 252 257
254 257 252 262
255 251 251 256
255 253 263 255
256 252 261 257
256 256 255 262
256 263 260 263
258 251 256 263
258 252 262 264
259 253 260 262
261 267 262 272
262 274 268 268
262 275 263 266
263 262 264 264
263 265 258 265
264 261 273 264
265 270 275 270
266 274 264 274
267 266 267 275
267 269 267 270
268 267 268 269
268 269 270 268
269 265 269 269
269 265 275 273
269 269 265 270
271 275 264 272
272 261 262 273
272 272 274 281
272 277 284 272
272 285 272 279
273 278 273 284
274 273 280 278
274 273 285 277
274 277 279 276
274 277 282 274
274 278 273 280
275 277 280 281
276 272 279 284
276 277 278 276
276 279 278 281
279 271 280 279
281 284 291 284
281 285 294 288
281 290 282 289
281 290 284 288
281 293 282 289
283 284 289 288
283 293 295 294
284 272 275 285
285 285 284 287
285 287 286 287
285 289 282 293
286 281 291 289
288 281 285 288
290 281 290 293
290 284 293 293
291 295 295 295
291 295 305 298
291 298 298 303
292 303 299 299
292 303 303 300
293 295 300 302
293 302 304 301
294 294 303 298
295 296 299 302
296 294 291 298
297 291 299 297
297 299 305 299
298 295 304 298
299 297 292 301
299 300 302 299
301 300 293 302
301 301 302 309
301 302 315 315
301 304 304 302
301 304 312 303
301 310 308 302
301 314 303 305
302 302 309 312
304 314 313 311
306 310 311 308
307 301 309 315
307 306 312 313
309 310 301 311
309 312 301 312
311 304 309 315
312 313 323 322
312 315 321 319
313 313 314 315
314 321 313 315
314 325 318 323
315 316 324 317
317 312 324 325
317 313 321 322
317 320 324 321
318 311 313 321
318 313 323 320
319 318 320 323
319 324 316 322
320 322 313 324
321 326 321 333
321 327 326 331
321 335 324 330
322 331 321 332
323 312 314 323
324 313 316 324
324 326 324 328
324 329 327 331
326 327 332 326
326 333 326 327
326 333 332 330
327 333 328 335
328 335 328 332
329 323 328 335
330 324 332 333
330 329 332 331
331 344 335 345
332 323 332 334
332 341 340 338
333 332 335 339
333 332 344 342
333 335 332 338
333 343 335 336
334 334 338 342
334 344 334 343
334 345 335 342
335 338 345 345
336 333 332 339
336 345 344 345
337 339 342 340
341 342 341 343
341 347 346 354
342 343 343 350
342 345 337 345
342 350 345 351
342 352 346 350
343 342 351 343
344 343 354 349
344 344 341 345
344 354 343 352
346 345 344 347
346 347 341 348
346 353 352 351
348 341 350 351
348 349 347 353
350 346 354 353
351 351 363 355
351 358 361 360
351 361 356 356
352 361 360 360
352 361 363 354
353 341 349 354
353 354 357 363
353 355 354 354
353 356 362 359
354 363 351 357
356 355 363 362
356 362 360 365
356 364 363 358
357 352 365 358
357 360 360 360
361 364 365 368
361 365 366 372
361 365 366 375
363 364 357 365
363 369 374 374
364 369 369 375
364 371 361 371
366 363 366 374
366 375 373 367
367 362 369 373
368 373 366 370
370 361 364 373
370 364 374 371
371 373 363 375
372 361 369 375
372 380 376 385
372 380 380 374
373 372 366 375
373 375 381 378
373 378 381 381
374 381 372 379
375 384 373 378
376 371 383 377
376 372 375 384
376 376 372 385
376 378 372 381
377 379 380 377
378 378 379 381
378 379 383 384
378 385 381 380
381 383 382 391
381 384 392 385
381 386 388 386
382 389 393 387
382 391 385 384
383 383 379 385
383 394 391 386
385 386 390 387
386 385 386 392
388 387 386 392
388 390 391 391
389 389 381 394
390 385 386 393
391 401 403 397
391 405 398 399
392 381 392 394
392 391 394 400
392 398 397 405
392 400 400 401
393 390 386 395
393 394 387 394
393 394 398 396
393 394 403 404
395 404 391 397
398 403 404 402
399 395 405 401
399 396 398 405
401 392 399 404
401 396 400 401
401 399 402 404
401 405 404 405
401 415 407 403
402 400 395 403
402 407 413 402
403 409 411 406
404 404 415 414
404 413 415 415
405 401 404 408
405 410 405 410
407 410 415 410
407 414 415 412
409 414 412 412
410 401 405 410
410 404 406 415
410 409 412 414
411 417 419 411
411 417 419 418
413 407 414 415
414 420 417 425
415 413 420 422
415 416 419 419
415 424 414 418
416 420 414 425
416 425 416 418
417 419 419 422
418 425 415 419
419 424 419 424
420 413 424 423
420 423 423 422
421 421 430 426
422 413 421 423
422 422 428 432
422 422 433 423
422 424 420 423
422 431 423 433
423 422 430 427
423 434 424 434
424 425 424 431
424 427 435 432
424 428 423 430
425 430 427 427
426 430 431 432
428 423 425 429
428 425 423 431
431 432 434 433
431 440 442 435
431 444 431 441
431 445 436 445
432 421 421 433
432 436 444 433
433 431 431 445
433 444 437 434
433 445 437 436
434 438 442 443
435 434 442 439
437 434 440 439
437 435 435 439
440 442 431 441
442 435 433 443
442 442 440 445
442 445 443 449
442 448 448 455
442 450 442 443
442 452 442 452
443 443 451 455
443 449 452 446
444 432 445 445
444 444 443 448
447 442 453 451
447 444 442 452
447 446 444 448
447 448 449 455
448 448 444 454
448 454 441 453
450 447 444 452
452 451 454 454
452 457 451 461
452 458 456 458
452 462 452 459
453 441 448 453
453 459 455 458
453 465 463 457
454 453 453 457
455 462 454 459
456 465 457 463
457 456 459 463
458 455 459 463
460 455 453 464
460 461 453 463
460 464 456 463
461 475 468 463
462 455 460 462
462 464 470 474
462 472 463 475
462 473 469 475
462 474 462 465
463 462 470 474
464 461 472 472
464 467 466 470
464 469 463 469
465 475 472 471
466 461 466 466
467 469 462 474
470 466 474 473
471 463 461 475
471 465 473 473
471 472 475 472
471 485 474 472
472 479 475 480
472 482 471 475
473 475 472 479
473 475 480 473
475 476 482 482
478 475 473 482
478 483 472 480
479 476 482 483
480 474 472 485
480 478 483 483
481 483 485 486
481 491 491 494
481 493 492 484
482 484 485 483
482 485 495 488
482 491 492 485
482 495 487 490
483 481 478 485
483 492 483 488
484 472 480 485
484 491 484 494
488 486 484 489
488 488 494 491
488 495 492 495
489 483 485 490
489 485 494 492
489 488 487 493
491 483 491 495
491 497 492 494
491 501 502 497
493 492 500 495
493 502 497 505
493 505 500 502
494 492 497 499
495 500 500 504
495 501 496 499
495 501 505 496
496 499 502 503
498 504 499 503
499 496 492 504
501 502 504 505
501 505 505 503
501 507 508 511
501 514 506 512
502 502 501 515
502 504 495 505
502 506 509 515
502 506 512 507
503 510 505 512
504 501 512 507
505 501 508 506
505 503 501 515
507 507 512 513
508 502 515 512
510 504 507 510
510 507 503 511
511 514 505 514
511 518 525 515
511 524 514 518
512 507 515 512
512 516 521 518
512 522 522 521
513 513 515 518
513 518 513 515
513 524 513 523
513 525 516 514
516 514 517 519
516 514 522 517
518 522 525 519
518 523 512 520
519 517 521 521
521 511 519 521
521 521 515 522
521 531 533 522
522 534 535 529
523 522 521 530
523 525 527 525
523 534 532 533
525 527 530 530
525 528 531 534
526 531 528 527
527 524 528 535
527 531 522 528
527 531 526 529
530 524 530 530
530 535 531 533
531 524 522 532
531 526 521 533
531 539 534 544
532 532 539 540
532 535 543 539
532 542 545 542
533 543 538 539
534 536 535 542
535 538 533 539
536 536 541 544
537 545 544 540
538 531 535 539
538 533 535 545
538 544 536 544
539 537 539 543
541 532 535 541
541 543 542 545
541 545 546 554
541 545 553 549
541 548 551 550
542 542 552 554
543 547 541 547
543 547 554 549
544 555 550 555
545 533 535 545
545 547 554 553
547 544 551 547
547 545 543 550
547 545 553 547
549 543 542 553
549 548 549 553
549 553 554 553
552 562 552 565
552 562 561 557
553 557 565 554
555 551 556 557
555 552 564 565
555 554 557 559
555 556 558 560
557 554 551 561
559 553 559 560
559 558 563 560
561 554 560 564
561 556 564 563
561 560 564 565
561 570 575 574
562 566 564 575
563 565 564 570
563 565 567 575
563 572 571 568
564 555 560 565
564 562 568 568
564 563 564 564
564 574 570 568
565 564 575 568
565 572 574 568
565 574 565 574
566 568 562 567
567 562 574 574
567 565 570 567
567 568 568 570
568 574 562 572
571 582 583 573
572 573 577 572
572 574 572 584
573 571 578 581
573 574 575 585
574 575 578 575
574 578 576 584
575 581 579 583
575 583 581 576
577 571 579 584
579 573 577 584
581 576 584 581
581 578 574 585
581 586 583 585
581 591 585 586
582 572 585 583
582 581 589 584
582 585 585 583
582 591 583 583
583 584 586 595
583 592 588 594
583 592 594 590
586 582 587 595
586 589 594 589
588 589 582 592
588 592 595 595
588 593 588 592
588 593 592 592
590 593 585 591
591 600 598 603
592 604 605 604
593 600 604 599
594 589 586 595
594 603 604 599
595 597 602 598
596 601 595 597
597 599 592 604
597 599 600 599
598 593 594 603
598 601 604 604
599 594 600 604
599 600 603 599
599 604 605 599
600 601 604 605
601 607 608 609
601 609 607 614
601 609 609 601
602 613 611 612
604 606 614 615
604 612 609 609
605 592 597 605
605 609 610 608
605 613 615 605
606 605 607 608
607 615 603 611
608 612 613 609
609 610 613 613
610 603 612 612
611 603 610 611
611 613 619 621
611 624 619 623
612 616 619 617
613 612 606 614
613 612 616 617
614 616 622 620
615 615 611 625
615 615 613 621
615 618 612 622
616 616 624 619
616 619 617 617
616 622 613 621
617 621 613 618
617 621 621 625
619 617 618 624
621 622 623 630
621 628 631 630
621 635 624 631
622 621 630 632
622 622 621 635
623 621 621 625
623 621 631 627
623 626 621 626
624 630 628 631
625 631 634 631
626 622 628 634
627 632 629 629
628 627 630 634
630 632 627 631
631 632 638 645
632 630 633 632
632 637 632 639
632 639 643 635
633 637 645 639
633 643 635 641
633 645 636 637
634 624 633 635
636 632 632 641
636 641 637 639
637 632 642 637
637 633 638 638
637 634 638 643
638 632 645 638
641 643 637 644
641 645 645 646
641 655 651 642
642 640 635 644
642 646 648 653
642 653 652 647
642 654 655 646
643 650 651 651
643 654 643 653
644 641 642 645
646 655 651 648
647 655 654 653
648 649 652 650
649 652 649 653
650 648 647 654
650 650 653 655
651 651 658 656
651 652 655 654
651 652 661 652
651 653 653 660
651 655 655 653
651 662 665 652
652 662 653 659
653 654 653 660
653 656 655 654
653 659 665 663
654 653 654 655
654 654 653 665
654 663 655 657
657 657 654 659
658 655 658 658
661 656 664 662
661 660 660 661
661 669 668 663
661 669 669 667
661 673 663 663
662 663 670 666
662 665 671 670
664 665 671 668
665 669 662 670
667 662 663 673
667 666 673 674
669 666 666 671
670 661 665 672
670 673 661 674
672 671 674 675
672 673 670 675
672 679 672 682
672 679 681 677
672 681 685 683
673 664 665 675
673 667 666 675
673 673 674 679
674 679 677 682
674 680 682 680
674 684 680 675
674 684 685 676
675 673 673 679
677 676 680 677
677 680 682 684
679 679 675 685
680 674 679 683
681 687 681 694
683 673 675 683
683 682 693 690
684 692 693 690
684 694 689 690
685 693 686 688
686 681 694 689
686 686 693 695
687 682 684 693
688 685 693 691
688 694 687 695
688 694 694 692
689 682 686 689
689 690 686 694
689 690 687 692
691 688 692 694
691 699 694 705
691 702 697 697
693 699 701 698
693 703 703 705
694 692 695 703
695 692 695 700
695 694 698 699
695 697 691 696
697 691 703 698
697 704 703 700
699 701 702 703
700 694 702 702
701 702 705 703
701 708 714 707
702 703 704 710
702 711 703 703
703 692 697 704
703 702 713 707
703 712 715 715
704 704 705 704
704 707 710 704
704 711 702 706
705 701 701 712
705 709 711 705
708 703 701 710
708 714 703 715
709 704 709 714
709 709 703 713
711 705 709 714
711 723 713 714
712 712 714 724
712 718 724 715
712 724 716 719
713 717 713 724
714 718 720 724
715 708 715 715
715 723 724 723
716 721 720 725
716 725 723 723
717 713 718 719
718 725 718 724
720 717 712 722
721 711 725 725
721 719 724 723
721 726 722 723
722 714 714 724
722 722 734 723
722 733 731 723
723 722 731 731
724 724 732 724
724 725 721 728
724 728 722 729
724 735 730 733
725 722 723 733
726 722 733 734
726 731 722 729
729 728 724 733
729 729 729 734
730 731 725 733
731 731 738 739
731 738 734 737
731 739 734 736
732 732 736 736
732 733 730 734
732 737 740 742
733 735 745 738
734 732 745 744
734 734 734 736
734 737 744 734
736 734 743 738
737 736 741 739
737 741 741 739
738 733 745 745
741 743 742 744
741 744 736 745
741 749 743 744
741 754 751 744
743 741 744 744
743 741 744 746
743 750 752 749
744 740 735 745
744 748 749 749
745 742 751 747
745 743 747 750
745 743 754 748
745 747 746 755
745 749 753 753
747 747 741 755
750 743 742 752
752 752 742 755
752 752 759 761
752 757 763 761
752 765 756 757
754 759 752 762
754 765 753 764
756 753 755 765
756 758 759 764
756 762 761 762
758 764 759 762
758 764 762 762
760 753 757 762
760 761 754 763
761 764 770 761
762 754 761 764
762 761 752 765
762 763 763 771
762 763 769 774
762 768 770 771
762 775 762 771
763 755 761 765
763 762 769 763
763 768 766 770
763 771 768 765
764 762 771 765
765 766 762 766
765 767 774 768
766 771 770 772
766 774 766 769
771 775 779 776
772 776 780 783
772 785 778 773
773 771 771 773
773 771 785 777
773 783 779 783
773 783 784 775
774 768 773 775
774 770 773 775
774 771 780 781
774 777 771 780
774 777 772 785
778 771 775 779
778 774 783 783
778 780 778 782
779 779 781 780
781 782 784 788
781 784 782 782
782 790 790 792
782 795 794 783
783 780 775 784
783 782 788 787
783 792 787 788
784 783 795 790
784 792 782 793
785 786 785 795
786 784 793 787
786 788 782 789
787 795 790 794
788 782 784 792
790 782 786 791
790 782 791 791
791 793 800 797
791 794 800 805
791 795 794 799
791 796 793 800
791 797 802 804
793 795 801 802
795 798 797 799
795 801 798 798
796 799 802 803
797 802 803 800
799 797 801 799
799 805 791 800
800 793 791 803
801 801 802 813
801 801 809 805
801 807 811 813
801 811 814 810
802 795 797 803
802 808 810 809
803 804 803 810
804 792 801 805
804 807 808 805
805 803 811 807
806 804 804 815
806 806 809 812
806 814 813 814
809 813 810 814
811 807 813 811
811 815 819 811
811 818 822 824
812 813 814 812
812 817 819 813
812 823 825 814
813 820 818 823
814 817 821 824
814 819 811 817
815 802 810 815
815 820 819 819
815 820 824 815
816 811 818 820
817 811 812 824
817 817 815 824
818 821 813 821
818 823 814 824
819 825 825 825
821 822 824 833
821 833 831 823
822 821 834 826
822 829 829 829
822 831 821 830
824 828 826 831
825 832 822 832
827 821 825 832
827 830 830 833
827 831 825 829
828 823 821 835
829 829 830 829
830 829 822 831
831 833 840 834
831 835 834 834
831 838 842 844
832 839 844 844
833 830 826 834
833 833 836 838
833 834 831 843
833 838 843 838
833 841 834 839
834 832 837 845
834 840 832 838
834 841 835 838
835 840 837 837
837 836 838 843
837 840 834 845
838 834 833 839
838 839 843 845
841 850 852 854
841 851 851 845
841 851 852 843
841 852 855 841
841 853 855 845
841 854 855 843
845 851 854 852
846 841 842 850
847 846 851 851
847 847 842 852
847 848 849 853
848 843 855 853
848 846 847 849
848 850 842 852
851 860 859 861
852 842 845 854
852 853 853 864
852 856 863 862
853 852 860 856
853 858 853 858
853 861 860 856
854 853 863 859
855 863 853 861
855 863 859 858
856 854 864 862
857 851 862 862
857 861 859 865
857 861 860 863
861 859 864 861
861 863 861 871
861 865 866 872
861 866 861 875
861 867 870 868
861 875 861 872
862 864 863 864
863 871 874 871
864 870 868 868
865 873 869 874
866 862 864 869
866 875 871 874
867 868 867 874
868 865 866 868
868 873 871 870
870 865 868 872
870 869 868 873
871 877 879 877
871 880 880 882
871 881 877 882
873 873 875 879
874 871 882 879
874 876 876 875
874 880 875 878
875 871 880 875
876 884 876 882
877 871 884 880
878 884 880 884
879 876 885 883
879 880 885 879
880 877 874 885
881 883 875 882
881 884 894 895
881 886 894 883
881 888 886 883
882 885 895 888
883 883 886 884
883 886 884 888
883 889 890 888
883 889 891 884
884 883 893 885
884 890 892 893
884 895 881 893
887 881 886 887
888 893 886 890
891 892 892 899
892 893 889 894
892 895 894 904
892 899 892 897
892 905 904 905
893 881 882 894
893 896 894 901
893 899 901 896
893 902 904 902
893 904 905 905
895 902 900 903
896 894 893 901
897 900 898 901
898 894 905 905
900 897 901 903
900 901 896 904
901 904 901 908
902 907 908 902
902 913 907 910
903 902 913 914
903 911 906 907
904 899 904 904
904 907 913 914
904 914 902 908
905 914 901 912
907 901 905 907
907 905 906 913
908 902 905 909
908 907 904 915
908 913 906 910
911 916 914 924
911 923 917 922
912 925 911 918
913 903 907 913
913 924 921 924
914 904 908 915
914 925 911 920
915 921 918 925
916 917 912 922
916 925 918 925
917 913 914 921
919 919 925 919
920 915 924 925
920 916 920 922
920 920 921 922
921 924 920 922
921 929 934 932
921 931 933 927
921 933 921 932
921 934 935 926
922 921 930 922
922 922 923 925
923 927 933 930
924 930 931 927
924 933 927 935
924 935 927 934
925 931 927 927
927 925 923 931
927 929 922 935
928 922 922 929
929 930 931 929
930 927 921 935
931 939 940 935
932 939 934 942
932 940 943 932
933 937 937 937
933 942 945 935
934 944 931 935
935 937 939 935
936 933 945 945
936 945 943 937
938 932 937 943
938 937 931 942
939 938 943 939
941 933 945 944
941 950 947 955
942 943 940 944
942 945 949 949
942 947 948 947
943 943 946 946
943 949 946 944
944 937 940 944
944 946 950 946
945 948 950 948
947 943 949 952
948 941 953 948
948 942 947 954
948 949 945 951
949 948 944 953
950 955 948 953
951 948 949 952
951 954 953 954
951 955 955 964
951 962 964 951
952 964 953 954
953 960 956 957
953 965 955 957
954 964 954 960
954 965 964 957
955 942 952 955
956 953 960 962
956 964 951 963
957 952 953 962
957 953 962 961
959 953 965 959
959 964 952 963
960 959 960 961
962 963 971 974
962 964 974 963
963 962 975 965
963 965 969 967
963 969 967 967
963 971 969 975
964 963 961 970
966 962 967 972
966 962 967 975
966 967 968 968
967 972 966 971
968 961 970 972
968 969 964 969
969 961 964 970
970 962 966 975
971 975 979 984
971 978 985 977
972 978 974 980
972 978 984 980
972 980 978 983
972 981 976 983
973 980 978 974
974 982 979 980
975 972 975 982
976 975 978 985
976 983 979 979
977 984 982 983
979 973 977 981
979 979 978 980
982 973 976 985
982 983 982 983
982 985 991 986
982 990 981 989
983 987 990 987
984 994 992 995
985 981 987 986
986 988 985 987
986 992 991 995
987 987 993 992
987 995 987 989
988 990 986 989
990 981 992 992
991 991 1004 992
991 999 998 1003
991 1000 992 1003
991 1001 1000 1001
992 985 993 993
992 986 993 993
992 991 990 993
992 998 1005 1000
992 999 993 1004
993 991 1005 996
993 992 998 999
993 992 1001 1003
993 997 1003 997
993 1004 997 1002
994 993 991 998
996 997 1005 996
1003 1002 1005 1006
1003 1005 1011 1007
1003 1013 1001 1008
1004 991 1001 1004
1004 996 991 1005
1004 1013 1011 1009
1004 1014 1001 1015
1004 1015 1015 1005
1006 1011 1003 1013
1007 1002 1013 1011
1007 1004 1003 1014
1009 1001 1014 1011
1009 1006 1008 1009
1010 1010 1014 1010
1011 1013 1021 1014
1011 1023 1017 1023
1012 1001 1014 1012
1012 1003 1005 1012
1012 1022 1017 1016
1012 1024 1020 1013
1013 1004 1015 1013
1013 1020 1023 1015
1013 1021 1017 1022
1014 1020 1011 1020
1014 1022 1020 1018
1015 1020 1024 1018
1016 1015 1013 1025
1020 1022 1020 1021
1020 1023 1011 1025
1020 1024 1018 1025
1021 1013 1023 1023
1021 1021 1027 1032
1021 1024 1035 1026
1021 1028 1033 1021
1022 1024 1021 1027
1022 1026 1034 1032
1022 1030 1035 1030
1022 1031 1023 1029
1023 1022 1024 1032
1024 1012 1017 1024
1024 1024 1031 1029
1024 1030 1033 1035
1026 1034 1032 1028
1026 1035 1021 1029
1031 1027 1032 1031
1031 1034 1035 1031
1031 1045 1037 1035
1032 1034 1041 1033
1032 1040 1035 1033
1032 1040 1036 1040
1032 1041 1043 1032
1034 1029 1034 1035
1034 1030 1030 1035
1035 1035 1033 1036
1036 1038 1044 1043
1036 1039 1031 1045
1036 1041 1031 1044
1036 1045 1035 1037
1037 1031 1034 1038
1037 1035 1037 1045
1037 1037 1044 1040
1038 1044 1038 1040
1041 1042 1045 1046
1041 1055 1050 1047
1042 1045 1044 1044
1042 1051 1051 1044
1042 1053 1054 1042
1044 1044 1046 1055
1044 1044 1055 1051
1044 1046 1050 1052
1044 1055 1053 1049
1045 1047 1046 1054
1046 1046 1049 1047
1047 1044 1046 1047
1048 1045 1055 1050
1049 1049 1050 1051
1051 1056 1060 1056
1052 1054 1061 1059
1052 1056 1059 1059
1053 1054 1052 1064
1053 1058 1052 1065
1053 1059 1057 1054
1053 1060 1054 1054
1054 1044 1052 1054
1056 1056 1061 1063
1056 1063 1064 1061
1057 1054 1061 1063
1057 1058 1055 1059
1057 1058 1058 1058
1057 1065 1057 1059
1061 1056 1059 1063
1061 1063 1071 1071
1061 1064 1067 1061
1061 1065 1070 1063
1062 1061 1064 1063
1062 1065 1068 1070
1063 1066 1065 1071
1064 1066 1075 1074
1064 1067 1073 1072
1066 1064 1071 1072
1066 1072 1073 1066
1066 1074 1065 1072
1067 1074 1074 1071
1069 1062 1071 1074
1069 1065 1075 1073
1071 1081 1074 1077
1072 1062 1067 1074
1072 1067 1068 1074
1072 1076 1079 1083
1072 1084 1074 1078
1072 1084 1076 1084
1072 1085 1084 1079
1073 1074 1080 1075
1073 1079 1074 1075
1073 1080 1074 1080
1074 1080 1078 1077
1074 1082 1079 1076
1074 1083 1082 1079
1075 1071 1076 1081
1075 1077 1079 1084
1078 1077 1073 1082
1079 1076 1082 1084
1081 1086 1088 1083
1082 1086 1086 1086
1083 1081 1087 1094
1083 1083 1084 1091
1083 1087 1094 1086
1083 1088 1084 1095
1084 1087 1091 1087
1084 1091 1087 1091
1084 1093 1094 1088
1085 1081 1082 1086
1086 1094 1088 1093
1087 1090 1090 1093
1089 1093 1089 1092
1091 1104 1105 1093
1092 1086 1090 1092
1092 1091 1092 1102
1092 1094 1102 1099
1093 1087 1089 1094
1093 1093 1099 1102
1093 1096 1104 1101
1093 1104 1103 1101
1094 1097 1096 1105
1094 1102 1100 1103
1094 1105 1105 1098
1095 1102 1098 1103
1098 1091 1096 1103
1100 1093 1098 1103
1100 1101 1101 1104
1101 1108 1103 1112
1102 1099 1105 1105
1102 1109 1113 1107
1103 1114 1106 1107
1104 1100 1105 1105
1104 1106 1102 1107
1104 1109 1114 1114
1105 1104 1104 1108
1105 1106 1102 1114
1105 1108 1113 1111
1106 1106 1108 1112
1108 1101 1115 1109
1108 1113 1109 1112
1108 1115 1108 1114
1109 1102 1101 1110
1111 1108 1109 1114
1111 1112 1123 1120
1111 1117 1111 1122
1111 1119 1120 1111
1111 1123 1117 1125
1111 1125 1123 1119
1113 1118 1111 1124
1113 1124 1121 1121
1114 1119 1115 1116
1115 1103 1107 1115
1116 1121 1122 1124
1117 1119 1113 1124
1119 1111 1111 1119
1119 1116 1122 1121
1119 1119 1118 1124
1120 1111 1115 1125
1122 1114 1114 1125
1122 1130 1123 1127
1122 1132 1131 1131
1123 1122 1134 1130
1123 1125 1131 1123
1123 1127 1131 1127
1123 1132 1126 1130
1124 1121 1129 1134
1124 1122 1129 1129
1125 1124 1123 1130
1128 1121 1131 1134
1129 1121 1133 1134
1129 1127 1121 1131
1129 1130 1134 1134
1129 1134 1122 1132
1131 1124 1121 1133
1131 1139 1139 1143
1132 1137 1141 1139
1133 1135 1142 1135
1133 1140 1140 1133
1133 1144 1135 1142
1133 1144 1136 1138
1136 1141 1136 1139
1137 1136 1138 1140
1138 1133 1133 1145
1138 1137 1143 1139
1138 1138 1136 1143
1138 1139 1135 1139
1141 1136 1138 1141
1141 1140 1144 1144
1141 1154 1155 1141
1142 1155 1152 1147
1143 1136 1136 1145
1143 1143 1149 1152
1143 1144 1143 1151
1143 1153 1149 1153
1144 1144 1143 1147
1144 1147 1144 1147
1145 1143 1143 1147
1145 1151 1153 1148
1148 1150 1148 1149
1149 1154 1148 1151
1150 1143 1148 1152
1151 1165 1152 1164
1152 1154 1148 1154
1153 1145 1145 1154
1153 1152 1160 1161
1153 1154 1151 1155
1153 1154 1155 1165
1153 1159 1161 1164
1153 1161 1158 1165
1154 1142 1151 1155
1154 1151 1161 1164
1154 1161 1158 1160
1154 1163 1160 1155
1154 1163 1163 1165
1157 1153 1162 1164
1159 1159 1164 1160
1160 1157 1157 1165
1160 1158 1156 1161
1161 1151 1158 1164
1161 1164 1162 1171
1161 1167 1168 1172
1161 1169 1162 1167
1162 1167 1162 1172
1162 1168 1164 1163
1162 1170 1163 1165
1163 1175 1161 1169
1164 1161 1165 1173
1164 1174 1161 1172
1165 1165 1172 1172
1167 1164 1175 1169
1168 1162 1175 1170
1168 1171 1163 1175
1169 1170 1175 1170
1171 1172 1182 1174
1171 1185 1174 1182
1172 1172 1182 1181
1172 1173 1171 1175
1172 1173 1177 1185
1173 1175 1174 1183
1173 1175 1180 1178
1173 1176 1176 1178
1173 1176 1182 1183
1173 1183 1175 1178
1175 1178 1178 1177
1175 1179 1175 1184
1177 1173 1174 1178
1177 1173 1182 1182
1179 1175 1171 1184
1180 1185 1178 1182
1182 1192 1181 1188
1182 1193 1194 1186
1183 1181 1185 1191
1183 1194 1186 1185
1183 1195 1190 1184
1183 1195 1195 1188
1184 1183 1190 1187
1184 1185 1181 1187
1185 1183 1194 1190
1186 1183 1191 1189
1188 1193 1193 1189
1190 1192 1189 1195
1191 1181 1193 1192
1191 1199 1191 1200
1192 1194 1183 1193
1192 1196 1200 1203
1192 1197 1194 1197
1194 1188 1189 1195
1194 1203 1204 1204
1195 1191 1194 1196
1195 1191 1203 1195
1195 1191 1204 1196
1195 1195 1193 1202
1195 1200 1200 1196
1196 1197 1202 1200
1196 1202 1204 1203
1196 1204 1203 1204
1198 1202 1204 1203
1200 1197 1198 1201
1201 1215 1205 1203
1201 1215 1214 1209
1202 1208 1201 1215
1202 1210 1208 1208
1203 1202 1210 1208
1203 1203 1203 1204
1203 1205 1208 1215
1203 1210 1212 1215
1204 1192 1199 1205
1204 1209 1205 1207
1205 1202 1209 1210
1207 1213 1202 1215
1207 1215 1215 1210
1210 1204 1202 1212
1210 1207 1201 1214
1211 1213 1221 1222
1211 1223 1215 1217
1212 1212 1222 1225
1212 1214 1213 1222
1212 1215 1210 1213
1212 1219 1212 1213
1213 1218 1217 1225
1214 1219 1219 1218
1214 1221 1222 1215
1215 1215 1214 1216
1215 1215 1220 1224
1216 1223 1211 1224
1217 1213 1220 1223
1219 1224 1224 1225
1220 1220 1217 1222
1221 1222 1225 1225
1221 1223 1226 1224
1221 1224 1224 1225
1221 1231 1225 1228
1222 1221 1221 1223
1222 1222 1234 1232
1222 1226 1227 1231
1222 1228 1223 1230
1223 1224 1233 1225
1223 1228 1229 1229
1223 1235 1223 1231
1224 1221 1226 1235
1225 1221 1225 1235
1226 1228 1230 1232
1227 1221 1228 1228
1230 1221 1230 1230
1231 1234 1239 1236
1231 1241 1233 1245
1232 1231 1233 1233
1232 1234 1233 1237
1232 1245 1242 1233
1233 1235 1235 1241
1233 1235 1237 1239
1233 1240 1245 1235
1234 1235 1236 1236
1234 1236 1236 1240
1235 1239 1245 1244
1235 1240 1241 1240
1235 1245 1231 1242
1241 1241 1243 1243
1242 1240 1236 1245
1242 1242 1241 1251
1242 1243 1245 1244
1242 1245 1248 1247
1242 1255 1250 1252
1243 1248 1253 1246
1244 1248 1248 1245
1244 1248 1253 1248
1244 1251 1249 1246
1246 1253 1255 1253
1248 1241 1249 1248
1249 1244 1249 1251
1249 1250 1248 1253
1250 1252 1249 1254
1251 1244 1245 1252
1251 1247 1241 1253
1251 1253 1252 1264
1251 1253 1260 1251
1251 1255 1253 1252
1251 1260 1256 1255
1251 1260 1257 1264
1252 1251 1252 1252
1253 1259 1262 1262
1253 1260 1261 1264
1254 1254 1264 1263
1254 1255 1265 1254
1254 1264 1264 1265
1258 1254 1257 1265
1259 1260 1257 1260
1261 1257 1255 1265
1261 1265 1274 1269
1261 1274 1274 1275
1261 1275 1274 1264
1262 1262 1271 1272
1262 1269 1270 1266
1262 1274 1263 1272
1263 1265 1261 1267
1263 1265 1262 1264
1263 1268 1268 1269
1263 1271 1261 1273
1264 1255 1260 1264
1264 1275 1275 1270
1267 1264 1265 1274
1267 1273 1266 1271
1268 1271 1268 1274
1271 1271 1265 1273
1271 1271 1285 1271
1271 1282 1277 1276
1272 1280 1281 1285
1273 1275 1280 1277
1273 1281 1281 1284
1274 1273 1281 1279
1274 1284 1282 1279
1275 1277 1278 1282
1276 1271 1279 1285
1276 1283 1271 1279
1276 1284 1282 1279
1277 1273 1280 1282
1280 1280 1284 1281
1281 1281 1294 1288
1281 1294 1286 1288
1282 1271 1283 1285
1282 1273 1275 1282
1282 1289 1281 1292
1282 1289 1282 1294
1282 1294 1293 1283
1283 1285 1288 1287
1283 1288 1291 1286
1284 1290 1291 1285
1285 1281 1287 1288
1287 1284 1294 1293
1287 1284 1294 1295
1289 1281 1292 1291
1289 1293 1292 1290
1290 1288 1289 1294
1291 1299 1293 1296
1291 1302 1295 1300
1292 1291 1293 1294
1292 1298 1305 1305
1292 1303 1301 1299
1293 1291 1292 1305
1293 1302 1301 1298
1294 1291 1292 1294
1294 1293 1291 1296
1294 1293 1292 1302
1295 1296 1303 1297
1297 1291 1293 1298
1297 1293 1301 1304
1297 1298 1292 1305
1298 1292 1303 1300
1299 1295 1294 1304
1301 1310 1312 1302
1301 1314 1306 1302
1302 1308 1303 1305
1303 1306 1305 1312
1303 1314 1301 1309
1304 1312 1301 1313
1306 1302 1305 1308
1306 1305 1313 1309
1306 1313 1311 1314
1308 1303 1302 1315
1309 1303 1302 1313
1310 1310 1313 1315
1311 1301 1311 1312
1311 1319 1321 1311
1312 1304 1306 1314
1312 1312 1324 1325
1312 1320 1317 1319
1312 1321 1317 1320
1312 1322 1312 1321
1312 1323 1312 1315
1313 1314 1323 1314
1313 1315 1313 1315
1313 1318 1317 1322
1314 1313 1317 1325
1314 1315 1317 1317
1315 1307 1312 1315
1315 1314 1322 1318
1316 1320 1322 1322
1318 1315 1320 1325
1322 1321 1314 1324
1322 1327 1328 1332
1322 1330 1335 1329
1322 1333 1328 1329
1322 1333 1328 1335
1323 1323 1326 1333
1323 1326 1329 1334
1324 1321 1326 1329
1324 1327 1323 1328
1324 1333 1329 1331
1325 1327 1324 1328
1326 1334 1333 1332
1328 1330 1322 1331
1328 1333 1326 1333
1329 1335 1332 1330
1331 1324 1327 1333
1331 1331 1332 1334
1332 1337 1333 1336
1333 1343 1343 1345
1334 1333 1333 1338
1334 1334 1345 1343
1334 1339 1339 1340
1334 1341 1331 1335
1335 1333 1337 1340
1337 1345 1332 1341
1338 1342 1339 1339
1338 1342 1342 1338
1340 1338 1337 1341
1340 1340 1334 1345
1341 1348 1345 1344
1342 1333 1338 1344
1342 1348 1345 1343
1343 1348 1354 1346
1343 1353 1352 1346
1344 1337 1345 1345
1344 1343 1349 1351
1344 1344 1353 1348
1345 1342 1354 1345
1345 1348 1341 1354
1345 1349 1341 1348
1346 1342 1355 1354
1347 1343 1349 1351
1347 1349 1349 1352
1348 1349 1343 1351
1349 1341 1343 1349
1351 1356 1352 1364
1351 1357 1361 1353
1352 1351 1353 1365
1352 1354 1356 1365
1352 1358 1362 1352
1353 1346 1353 1354
1353 1357 1362 1356
1353 1365 1351 1357
1354 1360 1352 1360
1355 1359 1353 1363
1356 1358 1360 1361
1356 1363 1361 1361
1357 1357 1359 1362
1361 1362 1369 1374
1361 1368 1370 1369
1361 1375 1362 1369
1361 1375 1368 1367
1362 1354 1355 1365
1362 1355 1364 1364
1362 1364 1373 1373
1362 1365 1368 1372
1362 1371 1368 1363
1363 1366 1368 1372
1364 1353 1360 1365
1364 1366 1367 1364
1365 1375 1367 1371
1366 1370 1363 1373
1366 1373 1362 1372
1368 1364 1362 1370
1371 1373 1372 1375
1372 1372 1361 1374
1372 1374 1377 1373
1372 1377 1374 1380
1372 1377 1377 1374
1373 1366 1368 1375
1374 1379 1385 1385
1374 1381 1381 1381
1376 1383 1374 1377
1377 1372 1385 1381
1377 1385 1381 1378
1378 1380 1378 1381
1381 1372 1380 1382
1381 1381 1385 1383
1382 1375 1385 1383
1382 1384 1383 1386
1383 1374 1377 1383
1383 1381 1385 1383
1383 1387 1394 1386
1383 1392 1394 1383
1384 1376 1373 1385
1384 1384 1390 1392
1384 1392 1394 1394
1385 1391 1387 1392
1386 1385 1384 1395
1386 1385 1391 1388
1386 1393 1392 1388
1387 1381 1390 1394
1387 1388 1385 1395
1388 1393 1393 1392
1389 1385 1381 1391
1389 1393 1392 1392
1391 1392 1396 1397
1391 1397 1397 1399
1392 1396 1395 1402
1392 1401 1392 1399
1392 1402 1394 1401
1392 1402 1397 1398
1393 1397 1402 1398
1394 1403 1401 1401
1395 1400 1393 1402
1395 1402 1399 1400
1398 1393 1396 1398
1398 1405 1396 1400
1399 1395 1401 1402
1401 1401 1403 1408
1401 1407 1415 1410
1401 1408 1407 1409
1401 1411 1413 1404
1402 1391 1402 1404
1402 1396 1403 1402
1402 1405 1403 1410
1402 1405 1411 1410
1402 1410 1415 1413
1403 1403 1401 1406
1403 1412 1403 1413
1407 1402 1408 1412
1408 1408 1414 1412
1410 1415 1415 1414
1412 1402 1409 1414
1412 1414 1423 1412
1412 1425 1415 1413
1413 1413 1422 1424
1413 1414 1420 1422
1413 1417 1413 1415
1413 1417 1423 1414
1413 1418 1425 1421
1414 1404 1405 1415
1414 1411 1413 1415
1414 1425 1418 1416
1415 1412 1421 1415
1418 1422 1414 1420
1418 1422 1424 1423
1418 1425 1424 1424
1419 1411 1422 1421
1419 1425 1416 1423
1422 1422 1431 1422
1422 1432 1424 1425
1423 1413 1419 1425
1423 1421 1430 1423
1425 1433 1434 1435
1426 1426 1427 1427
1426 1435 1428 1435
1427 1426 1425 1434
1427 1427 1424 1432
1428 1430 1435 1431
1428 1434 1424 1435
1430 1425 1427 1434
1430 1426 1428 1432
1430 1431 1421 1431
1431 1432 1440 1434
1431 1434 1432 1434
1431 1436 1434 1440
1432 1437 1437 1438
1432 1442 1435 1444
1432 1443 1440 1436
1433 1422 1433 1434
1435 1433 1436 1445
1435 1434 1439 1437
1435 1436 1439 1441
1436 1435 1433 1437
1437 1431 1434 1440
1437 1432 1444 1441
1439 1432 1441 1443
1440 1433 1445 1441
1441 1443 1442 1445
1441 1449 1443 1455
1442 1442 1446 1454
1442 1455 1443 1452
1443 1446 1455 1445
1443 1449 1453 1455
1443 1452 1449 1444
1444 1435 1438 1445
1444 1448 1442 1454
1444 1451 1454 1445
1446 1451 1450 1454
1448 1448 1455 1448
1449 1441 1448 1455
1451 1452 1459 1457
1451 1454 1464 1461
1451 1461 1462 1454
1451 1464 1451 1454
1452 1444 1449 1453
1452 1448 1453 1453
1452 1460 1458 1464
1453 1443 1445 1455
1453 1461 1455 1457
1454 1442 1449 1455
1454 1459 1460 1457
1454 1463 1457 1461
1455 1454 1453 1464
1455 1455 1460 1464
1455 1457 1456 1457
1458 1458 1454 1460
1459 1458 1458 1460
1461 1451 1452 1461
1461 1473 1463 1463
1462 1452 1455 1465
1462 1463 1474 1469
1463 1469 1470 1465
1463 1469 1473 1467
1465 1465 1461 1468
1465 1468 1465 1471
1465 1472 1461 1470
1466 1467 1475 1467
1466 1469 1468 1474
1466 1474 1471 1470
1466 1474 1474 1468
1467 1462 1465 1469
1468 1464 1467 1473
1469 1468 1475 1472
1471 1462 1474 1475
1471 1475 1474 1479
1471 1483 1475 1485
1471 1483 1479 1478
1472 1476 1477 1479
1472 1479 1485 1482
1472 1483 1480 1479
1473 1481 1477 1474
1473 1482 1485 1479
1473 1484 1471 1485
1475 1480 1480 1483
1476 1471 1471 1480
1476 1482 1473 1479
1477 1477 1475 1479
1478 1485 1474 1484
1479 1476 1472 1480
1481 1484 1487 1481
1481 1485 1487 1490
1481 1486 1493 1485
1481 1492 1491 1486
1483 1493 1482 1495
1484 1490 1486 1487
1484 1490 1494 1488
1485 1486 1495 1490
1487 1495 1488 1492
1488 1490 1492 1489
1488 1492 1481 1492
1488 1495 1482 1490
1490 1490 1495 1495
1490 1493 1488 1491
1491 1492 1502 1505
1492 1497 1499 1492
1493 1487 1481 1494
1493 1498 1499 1504
1493 1503 1502 1498
1494 1491 1505 1505
1494 1495 1497 1496
1494 1502 1502 1500
1494 1503 1503 1504
1495 1495 1500 1498
1496 1491 1496 1499
1496 1497 1503 1497
1497 1504 1501 1503
1500 1491 1492 1500
1500 1499 1492 1504
1501 1505 1503 1514
1501 1505 1514 1503
1502 1496 1504 1502
1502 1511 1502 1505
1502 1511 1507 1505
1502 1512 1511 1510
1502 1512 1512 1503
1502 1515 1501 1506
1502 1515 1510 1504
1503 1502 1508 1509
1504 1505 1512 1510
1504 1511 1514 1505
1504 1515 1515 1505
1507 1506 1509 1515
1509 1501 1505 1515
1511 1512 1514 1519
1511 1517 1525 1514
1512 1514 1524 1523
1512 1515 1514 1515
1512 1516 1512 1524
1512 1516 1513 1516
1512 1524 1518 1513
1513 1515 1522 1515
1513 1523 1520 1514
1514 1514 1524 1519
1514 1524 1520 1524
1515 1516 1514 1516
1516 1519 1525 1519
1516 1523 1520 1525
1518 1525 1522 1519
1521 1531 1534 1522
1522 1519 1524 1525
1523 1529 1534 1535
1525 1532 1527 1529
1526 1525 1525 1534
1526 1525 1528 1527
1526 1529 1534 1534
1526 1532 1521 1532
1526 1535 1522 1530
1527 1521 1529 1535
1527 1530 1523 1530
1528 1533 1529 1529
1529 1523 1532 1530
1529 1524 1521 1532
1531 1532 1534 1535
1531 1539 1540 1542
1532 1532 1528 1533
1532 1543 1538 1539
1533 1531 1543 1533
1533 1535 1540 1545
1534 1522 1535 1535
1535 1533 1544 1537
1536 1539 1540 1542
1537 1534 1539 1540
1537 1540 1543 1540
1538 1536 1545 1540
1538 1537 1540 1545
1539 1534 1536 1545
1539 1540 1535 1544
1541 1549 1552 1547
1542 1544 1544 1554
1542 1550 1544 1550
1542 1555 1545 1548
1543 1550 1548 1551
1543 1551 1543 1555
1544 1531 1541 1544
1544 1533 1538 1544
1544 1545 1549 1551
1544 1550 1542 1553
1544 1552 1553 1552
1546 1554 1545 1553
1547 1546 1555 1551
1548 1541 1545 1549
1548 1542 1549 1553
1550 1549 1549 1552
1551 1552 1563 1555
1553 1557 1563 1560
1553 1564 1563 1554
1554 1551 1547 1555
1554 1552 1563 1562
1555 1553 1557 1556
1556 1553 1555 1564
1556 1557 1560 1559
1556 1560 1565 1560
1557 1559 1557 1565
1558 1553 1554 1565
1558 1554 1555 1563
1559 1551 1565 1563
1560 1560 1563 1562
1561 1565 1565 1569
1561 1571 1567 1571
1561 1574 1572 1570
1561 1575 1569 1562
1562 1556 1557 1564
1563 1553 1556 1565
1564 1575 1572 1567
1566 1561 1571 1572
1566 1570 1564 1575
1566 1571 1574 1573
1567 1561 1572 1569
1567 1563 1564 1573
1567 1574 1573 1569
1567 1575 1564 1574
1571 1574 1576 1572
1571 1578 1581 1576
1572 1575 1570 1574
1572 1575 1581 1574
1572 1576 1578 1584
1572 1582 1571 1584
1572 1584 1573 1575
1573 1564 1562 1575
1573 1577 1584 1582
1573 1584 1572 1583
1574 1570 1573 1574
1574 1571 1578 1574
1576 1573 1581 1582
1578 1581 1580 1579
1578 1585 1577 1583
1579 1576 1582 1584
1581 1579 1571 1585
1581 1587 1592 1590
1581 1595 1582 1587
1582 1581 1576 1584
1582 1582 1582 1592
1582 1588 1586 1595
1582 1593 1581 1590
1583 1588 1594 1591
1584 1584 1594 1586
1584 1592 1585 1595
1585 1584 1589 1590
1585 1593 1588 1593
1586 1591 1581 1591
1586 1594 1584 1593
1587 1584 1583 1593
1590 1583 1593 1591
1591 1591 1596 1603
1591 1594 1605 1602
1591 1597 1592 1597
1592 1591 1600 1592
1592 1605 1595 1594
1593 1586 1582 1594
1593 1594 1591 1597
1594 1591 1592 1598
1594 1597 1600 1597
1594 1600 1594 1596
1595 1597 1600 1604
1596 1597 1600 1600
1597 1596 1598 1602
1599 1594 1593 1600
1599 1597 1591 1604
1601 1597 1597 1604
1602 1601 1615 1611
1602 1602 1604 1605
1603 1604 1610 1613
1604 1604 1611 1610
1604 1610 1613 1607
1604 1615 1614 1607
1606 1602 1614 1610
1606 1612 1604 1608
1607 1602 1606 1613
1608 1605 1601 1610
1608 1607 1608 1613
1610 1613 1603 1613
1611 1610 1603 1613
1611 1618 1613 1616
1611 1618 1622 1620
1611 1619 1615 1617
1612 1609 1602 1615
1612 1613 1608 1613
1612 1622 1619 1618
1613 1622 1614 1625
1613 1623 1611 1621
1613 1623 1622 1622
1614 1616 1618 1622
1615 1613 1617 1615
1615 1621 1612 1618
1616 1622 1612 1623
1619 1620 1625 1622
1621 1620 1619 1624
1621 1628 1623 1627
1621 1631 1630 1633
1622 1624 1624 1623
1622 1631 1627 1633
1623 1627 1632 1625
1623 1631 1623 1629
1624 1620 1621 1624
1624 1629 1621 1627
1625 1621 1622 1632
1625 1631 1633 1630
1626 1621 1633 1629
1626 1630 1629 1630
1626 1630 1631 1626
1628 1621 1635 1628
1631 1626 1633 1635
1631 1630 1634 1634
1631 1636 1633 1635
1632 1635 1627 1634
1632 1642 1635 1643
1633 1634 1644 1643
1633 1636 1644 1634
1633 1638 1641 1643
1634 1645 1638 1641
1635 1643 1638 1643
1636 1638 1637 1643
1637 1639 1640 1645
1637 1639 1641 1644
1638 1638 1643 1639
1639 1634 1639 1645
1639 1638 1637 1641
1639 1640 1643 1645
1641 1653 1645 1652
1642 1636 1635 1645
1642 1645 1649 1642
1642 1653 1646 1646
1643 1652 1642 1653
1644 1642 1650 1652
1645 1645 1653 1646
1645 1647 1652 1653
1645 1650 1655 1651
1647 1646 1654 1655
1647 1647 1648 1652
1647 1649 1649 1652
1649 1654 1649 1653
1650 1642 1646 1652
1651 1643 1651 1653
1651 1660 1665 1661
1651 1665 1662 1663
1652 1655 1655 1655
1653 1659 1652 1662
1653 1661 1654 1655
1655 1653 1655 1665
1655 1653 1658 1655
1655 1653 1665 1655
1656 1658 1651 1665
1656 1662 1653 1663
1658 1651 1657 1660
1658 1660 1653 1663
1658 1661 1655 1659
1659 1660 1654 1660
1661 1661 1673 1675
1661 1668 1662 1675
1662 1655 1661 1665
1662 1665 1674 1675
1663 1662 1659 1664
1665 1665 1662 1671
1665 1675 1666 1670
1666 1667 1670 1675
1667 1664 1672 1672
1667 1667 1670 1674
1667 1672 1662 1671
1668 1671 1665 1669
1669 1662 1675 1673
1669 1674 1672 1675
1670 1668 1666 1673
1671 1672 1672 1673
1671 1675 1672 1682
1671 1685 1679 1685
1672 1662 1665 1675
1672 1679 1672 1685
1673 1671 1672 1675
1673 1674 1678 1682
1673 1678 1681 1673
1674 1680 1674 1680
1675 1683 1680 1677
1676 1678 1680 1683
1677 1673 1675 1684
1677 1673 1683 1681
1677 1685 1680 1684
1678 1677 1674 1684
1678 1684 1677 1684
1681 1681 1686 1684
1682 1682 1686 1695
1682 1692 1690 1690
1683 1678 1680 1685
1683 1691 1687 1686
1685 1686 1690 1695
1685 1690 1693 1695
1686 1689 1694 1691
1688 1693 1685 1690
1689 1688 1684 1691
1689 1689 1681 1692
1690 1683 1694 1691
1690 1691 1689 1695
1691 1694 1696 1696
1691 1698 1698 1699
1691 1705 1695 1702
1692 1694 1689 1694
1693 1692 1698 1697
1693 1695 1693 1695
1693 1696 1697 1702
1694 1689 1695 1695
1695 1703 1696 1705
1696 1695 1692 1701
1696 1697 1703 1697
1697 1696 1697 1703
1697 1702 1701 1699
1697 1702 1705 1703
1697 1703 1705 1700
1699 1691 1703 1699
1699 1702 1691 1702
1701 1702 1702 1703
1701 1703 1706 1703
1701 1703 1714 1702
1701 1714 1710 1708
1702 1703 1703 1704
1702 1706 1702 1703
1702 1711 1715 1710
1703 1705 1709 1703
1703 1712 1711 1707
1705 1709 1708 1707
1706 1703 1709 1713
1706 1704 1705 1710
1707 1712 1702 1714
1708 1713 1714 1712
1709 1712 1703 1711
1711 1707 1713 1714
1712 1716 1712 1714
1712 1721 1715 1715
1713 1713 1711 1714
1713 1713 1718 1720
1713 1723 1712 1720
1713 1723 1719 1723
1713 1724 1719 1714
1713 1725 1720 1720
1715 1720 1723 1722
1716 1715 1722 1724
1719 1724 1716 1722
1721 1727 1734 1732
1722 1715 1716 1724
1722 1721 1719 1724
1722 1722 1734 1728
1722 1731 1731 1723
1723 1717 1721 1724
1723 1733 1723 1727
1724 1717 1720 1725
1725 1732 1725 1734
1726 1725 1722 1731
1727 1728 1723 1734
1727 1730 1727 1729
1727 1732 1730 1730
1728 1728 1735 1732
1728 1732 1726 1732
1730 1727 1728 1733
1731 1723 1727 1732
1731 1734 1731 1745
1732 1735 1727 1733
1732 1741 1742 1741
1732 1742 1739 1734
1733 1731 1742 1744
1733 1737 1743 1741
1734 1721 1722 1735
1734 1736 1743 1734
1734 1737 1735 1738
1735 1745 1742 1736
1736 1734 1740 1744
1737 1733 1738 1743
1737 1737 1737 1743
1737 1744 1743 1740
1738 1737 1732 1744
1740 1738 1736 1744
1741 1737 1734 1744
1741 1742 1744 1743
1741 1744 1750 1753
1741 1751 1742 1746
1741 1754 1743 1753
1742 1750 1751 1753
1743 1741 1751 1755
1743 1754 1752 1755
1743 1755 1742 1747
1744 1755 1745 1748
1745 1750 1744 1750
1746 1749 1752 1749
1746 1751 1748 1750
1750 1749 1749 1752
1751 1751 1755 1753
1752 1754 1759 1765
1752 1764 1755 1763
1752 1765 1756 1759
1753 1755 1754 1754
1754 1765 1751 1763
1756 1758 1755 1757
1756 1762 1765 1760
1756 1764 1762 1757
1757 1754 1751 1764
1758 1759 1754 1763
1758 1760 1756 1761
1758 1762 1752 1760
1759 1755 1763 1759
1760 1761 1764 1762
1761 1762 1769 1771
1762 1760 1755 1763
1762 1762 1753 1763
1762 1765 1762 1767
1762 1766 1766 1774
1762 1768 1761 1767
1763 1765 1772 1773
1763 1765 1775 1764
1763 1775 1768 1773
1765 1770 1774 1769
1766 1763 1770 1772
1766 1764 1766 1768
1766 1765 1770 1769
1766 1774 1767 1773
1767 1766 1765 1773
1770 1773 1766 1774
1771 1775 1781 1783
1771 1780 1772 1774
1771 1785 1781 1773
1772 1779 1784 1775
1772 1781 1776 1779
1773 1781 1774 1776
1773 1781 1775 1776
1774 1761 1768 1775
1774 1777 1783 1781
1774 1779 1783 1774
1775 1780 1776 1777
1776 1783 1776 1780
1778 1779 1777 1779
1780 1774 1780 1780
1780 1782 1782 1781
1782 1782 1791 1789
1782 1783 1779 1785
1783 1793 1785 1791
1784 1783 1781 1789
1785 1786 1782 1793
1785 1787 1791 1792
1786 1793 1790 1787
1787 1782 1787 1795
1787 1784 1789 1788
1787 1788 1794 1790
1787 1795 1785 1792
1789 1793 1795 1792
1790 1782 1784 1794
1790 1795 1794 1792
1791 1800 1797 1802
1791 1800 1804 1797
1791 1801 1794 1793
1792 1795 1793 1801
1792 1796 1798 1804
1793 1792 1787 1794
1793 1796 1798 1799
1793 1802 1802 1805
1794 1785 1781 1795
1794 1797 1792 1796
1794 1803 1797 1797
1795 1798 1797 1801
1795 1804 1801 1800
1797 1796 1796 1803
1798 1805 1792 1803
1799 1798 1794 1804
1802 1804 1800 1803
1802 1815 1813 1812
1803 1815 1802 1813
1804 1801 1815 1812
1804 1804 1813 1805
1804 1815 1805 1812
1805 1803 1805 1815
1805 1807 1809 1807
1806 1805 1807 1807
1806 1811 1814 1810
1806 1814 1810 1814
1806 1815 1802 1812
1809 1806 1815 1809
1809 1814 1813 1810
1811 1810 1814 1813
1811 1812 1822 1811
1811 1819 1815 1817
1812 1818 1814 1813
1812 1821 1814 1817
1812 1824 1818 1816
1813 1814 1813 1823
1813 1818 1825 1814
1813 1820 1816 1820
1813 1820 1823 1823
1813 1825 1817 1825
1814 1819 1820 1820
1815 1804 1810 1815
1816 1811 1814 1820
1817 1813 1814 1820
1819 1816 1815 1824
1820 1813 1814 1823
1823 1833 1825 1826
1824 1825 1826 1832
1824 1825 1827 1827
1824 1827 1823 1834
1824 1829 1824 1834
1824 1833 1823 1826
1825 1824 1832 1833
1826 1823 1827 1828
1826 1828 1824 1830
1826 1828 1830 1833
1826 1829 1829 1835
1827 1832 1823 1828
1828 1825 1828 1831
1829 1825 1824 1835
1831 1831 1835 1834
1832 1822 1835 1835
1832 1832 1840 1840
1832 1833 1842 1841
1832 1834 1839 1844
1832 1835 1843 1836
1832 1841 1837 1838
1833 1844 1837 1840
1834 1833 1835 1844
1835 1842 1836 1836
1836 1833 1834 1840
1836 1838 1839 1837
1840 1835 1836 1842
1841 1845 1855 1853
1841 1846 1853 1854
1841 1847 1850 1852
1841 1850 1852 1853
1841 1855 1849 1855
1842 1834 1834 1843
1842 1844 1855 1848
1843 1840 1843 1844
1843 1842 1854 1845
1843 1845 1833 1845
1844 1847 1854 1852
1846 1851 1844 1853
1849 1846 1852 1852
1850 1847 1854 1855
1850 1853 1850 1853
1850 1855 1845 1852
1851 1851 1853 1857
1851 1854 1853 1853
1851 1861 1854 1856
1851 1861 1854 1864
1851 1862 1856 1859
1852 1851 1854 1853
1852 1852 1861 1860
1852 1857 1859 1858
1852 1858 1855 1865
1852 1864 1852 1854
1854 1858 1865 1865
1857 1859 1862 1857
1858 1856 1855 1863
1860 1853 1862 1860
1861 1853 1860 1865
1861 1854 1852 1864
1861 1865 1864 1872
1862 1852 1855 1864
1863 1867 1869 1863
1863 1873 1864 1872
1864 1865 1863 1872
1864 1871 1862 1874
1864 1873 1870 1875
1864 1873 1875 1874
1865 1861 1875 1869
1869 1864 1863 1871
1869 1864 1873 1875
1869 1870 1863 1871
1869 1872 1872 1869
1870 1865 1872 1874
1871 1871 1871 1875
1871 1876 1871 1880
1871 1884 1882 1879
1872 1867 1868 1873
1872 1874 1880 1878
1872 1883 1874 1882
1873 1865 1871 1873
1873 1880 1874 1875
1874 1875 1874 1878
1874 1875 1885 1879
1874 1876 1878 1877
1876 1871 1878 1884
1876 1872 1884 1878
1876 1880 1876 1885
1877 1872 1876 1885
1879 1872 1879 1885
1879 1884 1875 1883
1882 1887 1888 1882
1883 1887 1885 1893
1883 1887 1887 1893
1883 1889 1894 1889
1883 1889 1895 1888
1883 1893 1890 1894
1885 1882 1881 1891
1885 1882 1890 1893
1885 1884 1887 1893
1886 1882 1887 1891
1886 1886 1882 1894
1890 1881 1888 1892
1890 1894 1888 1894
1891 1893 1894 1895
1891 1895 1891 1894
1891 1896 1905 1893
1892 1893 1884 1895
1892 1901 1899 1900
1892 1905 1905 1896
1893 1895 1905 1893
1893 1898 1903 1899
1893 1900 1893 1904
1893 1904 1892 1903
1894 1896 1894 1899
1894 1899 1899 1902
1897 1895 1891 1898
1898 1896 1896 1905
1898 1899 1898 1901
1899 1899 1903 1901
1899 1901 1897 1904
1901 1901 1904 1901
1901 1905 1902 1902
1901 1906 1903 1910
1902 1901 1907 1906
1902 1905 1914 1902
1902 1907 1902 1904
1902 1911 1907 1907
1903 1902 1901 1906
1904 1908 1915 1914
1904 1915 1901 1908
1905 1903 1903 1910
1906 1906 1902 1908
1906 1913 1909 1908
1907 1913 1912 1913
1910 1913 1909 1911
1911 1920 1925 1921
1911 1925 1912 1919
1912 1918 1924 1923
1912 1920 1920 1917
1912 1924 1912 1920
1913 1915 1925 1915
1913 1917 1918 1922
1913 1921 1917 1920
1914 1925 1920 1919
1915 1922 1916 1921
1916 1912 1914 1922
1916 1916 1918 1923
1916 1921 1924 1924
1917 1911 1923 1925
1921 1921 1924 1934
1921 1921 1933 1924
1921 1926 1932 1935
1921 1926 1935 1934
1921 1927 1928 1930
1922 1925 1926 1929
1922 1935 1932 1935
1923 1925 1911 1925
1923 1925 1928 1924
1926 1931 1927 1929
1926 1932 1922 1929
1927 1925 1934 1934
1927 1928 1930 1930
1930 1930 1933 1930
1930 1932 1926 1931
1931 1943 1942 1935
1932 1924 1924 1933
1933 1931 1939 1933
1933 1935 1936 1941
1933 1935 1938 1935
1933 1937 1934 1941
1933 1937 1941 1941
1934 1931 1942 1935
1934 1934 1942 1945
1935 1935 1933 1936
1935 1943 1937 1938
1936 1935 1939 1944
1936 1938 1931 1945
1936 1945 1941 1943
1937 1941 1938 1944
1939 1942 1934 1945
1941 1941 1944 1945
1941 1943 1955 1954
1941 1946 1949 1955
1941 1949 1954 1941
1943 1943 1944 1953
1943 1952 1944 1948
1944 1942 1955 1953
1945 1941 1954 1953
1948 1955 1941 1951
1949 1941 1946 1949
1950 1945 1950 1951
1950 1949 1942 1954
1951 1947 1945 1954
1951 1952 1960 1955
1951 1961 1963 1951
1952 1943 1946 1955
1952 1949 1941 1955
1952 1957 1965 1956
1953 1954 1962 1956
1954 1961 1965 1960
1955 1958 1951 1958
1955 1965 1959 1959
1956 1954 1953 1962
1956 1964 1961 1959
1957 1952 1956 1960
1957 1964 1953 1961
1958 1956 1957 1959
1961 1952 1960 1962
1961 1957 1954 1964
1962 1965 1962 1973
1963 1958 1952 1964
1963 1969 1961 1975
1963 1970 1963 1968
1964 1971 1974 1973
1965 1972 1964 1972
1965 1973 1975 1966
1966 1969 1962 1975
1966 1969 1973 1974
1967 1964 1961 1974
1968 1967 1963 1975
1968 1973 1966 1971
1969 1973 1975 1973
1970 1970 1964 1971
1970 1974 1963 1972
1971 1982 1979 1985
1972 1972 1980 1974
1973 1984 1977 1983
1973 1984 1984 1983
1974 1982 1972 1982
1975 1961 1963 1975
1975 1974 1982 1975
1975 1978 1983 1976
1975 1982 1975 1979
1976 1982 1985 1984
1977 1977 1983 1982
1977 1981 1982 1983
1978 1974 1978 1980
1979 1980 1982 1980
1979 1983 1981 1980
1980 1974 1976 1982
1981 1988 1989 1990
1981 1989 1992 1982
1982 1981 1992 1990
1982 1994 1989 1985
1983 1983 1984 1992
1984 1985 1982 1986
1986 1982 1982 1989
1986 1987 1987 1992
1987 1988 1991 1995
1987 1991 1991 1992
1987 1993 1982 1988
1989 1988 1994 1991
1990 1983 1987 1992
1991 2005 1992 1992
1992 1992 2001 2005
1992 1995 1985 1995
1992 2005 1998 2000
1992 2005 2005 1997
1993 1983 1985 1995
1994 1994 2005 2003
1994 2000 2000 2001
1994 2001 1991 2005
1994 2003 1993 2001
1996 1999 2005 1999
1997 2002 2001 2005
1998 1993 1995 2000
1998 1997 2004 2001
1998 2001 1991 2005
2000 2001 1993 2004
2001 1997 1994 2003
2001 2001 2005 2006
2001 2013 2002 2007
2002 2001 2002 2014
2002 2008 2010 2015
2004 2011 2002 2014
2004 2012 2002 2014
2005 2003 2004 2012
2005 2007 2010 2009
2006 2001 2004 2014
2006 2012 2002 2015
2008 2012 2009 2013
2011 2009 2002 2012
2011 2012 2023 2011
2012 2013 2024 2021
2012 2015 2010 2015
2012 2024 2024 2017
2012 2025 2017 2013
2012 2025 2020 2025
2014 2002 2011 2014
2014 2007 2011 2015
2015 2011 2014 2022
2015 2014 2015 2022
2016 2015 2013 2023
2018 2016 2018 2021
2018 2016 2021 2019
2019 2015 2019 2023
2020 2017 2024 2024
2021 2011 2019 2022
2021 2025 2020 2025
2021 2026 2030 2028
2021 2031 2035 2023
2023 2028 2022 2026
2023 2035 2026 2034
2023 2035 2035 2031
2024 2021 2025 2024
2024 2025 2025 2034
2024 2026 2030 2034
2027 2024 2024 2030
2027 2031 2032 2032
2027 2033 2027 2031
2028 2026 2023 2035
2028 2032 2029 2033
2029 2028 2035 2031
2031 2033 2027 2034
2031 2037 2043 2044
2031 2039 2033 2041
2031 2040 2032 2035
2032 2031 2032 2042
2032 2033 2035 2045
2032 2036 2034 2039
2032 2041 2041 2038
2033 2033 2024 2035
2033 2033 2038 2043
2034 2038 2044 2034
2034 2040 2037 2035
2035 2031 2038 2039
2038 2043 2033 2043
2039 2036 2041 2043
2039 2039 2036 2045
2041 2043 2046 2051
2042 2048 2055 2047
2043 2043 2033 2044
2043 2043 2050 2046
2043 2044 2046 2051
2043 2044 2055 2044
2043 2053 2048 2047
2045 2042 2049 2054
2045 2052 2046 2050
2045 2055 2048 2049
2046 2051 2041 2047
2048 2050 2042 2049
2050 2049 2043 2053
2052 2042 2049 2052
2052 2053 2051 2054
2052 2058 2065 2055
2052 2063 2051 2064
2053 2043 2046 2054
2053 2054 2063 2060
2054 2056 2057 2061
2055 2063 2060 2056
2056 2056 2057 2056
2056 2063 2053 2062
2056 2065 2057 2064
2057 2055 2065 2058
2057 2061 2064 2059
2057 2064 2058 2060
2059 2064 2060 2060
2060 2057 2060 2065
2060 2065 2051 2064
2061 2069 2061 2074
2061 2070 2063 2067
2061 2072 2073 2063
2062 2065 2067 2063
2063 2064 2070 2070
2063 2068 2070 2064
2064 2054 2063 2064
2064 2066 2074 2067
2065 2065 2070 2070
2066 2061 2063 2071
2066 2062 2068 2068
2068 2062 2067 2073
2071 2067 2070 2072
2071 2067 2072 2074
2072 2067 2068 2072
2072 2071 2083 2079
2072 2074 2073 2075
2072 2080 2081 2076
2072 2085 2078 2079
2073 2073 2085 2084
2073 2076 2071 2083
2073 2079 2077 2078
2073 2083 2074 2082
2073 2083 2081 2075
2074 2078 2077 2077
2076 2078 2071 2081
2077 2084 2081 2080
2078 2071 2085 2085
2080 2073 2084 2080
2080 2084 2078 2081
2081 2082 2087 2088
2081 2084 2081 2082
2081 2091 2093 2085
2081 2095 2081 2095
2082 2083 2082 2083
2082 2084 2087 2083
2082 2092 2089 2092
2083 2082 2083 2085
2083 2087 2087 2084
2083 2093 2082 2090
2084 2084 2085 2090
2084 2086 2094 2095
2084 2091 2091 2087
2086 2088 2095 2091
2086 2094 2085 2091
2090 2082 2089 2093
2091 2098 2095 2094
2091 2098 2105 2092
2091 2103 2101 2098
2092 2105 2096 2105
2093 2096 2093 2096
2093 2099 2102 2102
2093 2101 2101 2095
2094 2094 2091 2102
2094 2099 2094 2100
2094 2100 2099 2098
2096 2096 2101 2104
2097 2103 2103 2101
2098 2095 2098 2104
2100 2103 2103 2105
2100 2103 2104 2104
2101 2115 2102 2112
2102 2104 2112 2103
2102 2111 2114 2107
2102 2115 2104 2110
2103 2101 2110 2112
2103 2105 2107 2113
2103 2111 2111 2112
2104 2109 2103 2112
2104 2112 2114 2109
2107 2112 2105 2113
2109 2104 2109 2111
2109 2106 2103 2111
2110 2112 2114 2115
2111 2115 2113 2117
2111 2119 2115 2119
2112 2103 2112 2112
2112 2106 2102 2113
2112 2119 2111 2122
2113 2113 2111 2118
2113 2114 2117 2125
2113 2119 2112 2121
2113 2121 2125 2119
2115 2121 2113 2121
2116 2119 2111 2117
2116 2119 2118 2121
2116 2125 2119 2117
2117 2112 2113 2120
2119 2119 2112 2123
2120 2120 2118 2123
2121 2121 2130 2130
2121 2123 2133 2124
2121 2127 2129 2130
2122 2129 2133 2135
2122 2131 2124 2135
2123 2132 2123 2133
2124 2128 2128 2135
2124 2132 2133 2135
2125 2114 2125 2125
2126 2123 2134 2132
2127 2135 2133 2132
2128 2133 2132 2132
2128 2135 2125 2135
2129 2127 2123 2130
2130 2131 2121 2135
2131 2132 2141 2138
2132 2132 2143 2143
2132 2134 2132 2144
2132 2134 2142 2133
2132 2143 2141 2142
2133 2131 2134 2140
2134 2133 2121 2135
2134 2143 2131 2145
2134 2144 2137 2142
2135 2136 2143 2135
2135 2138 2144 2144
2136 2141 2134 2137
2137 2137 2137 2141
2137 2141 2143 2143
2140 2133 2141 2142
2142 2132 2134 2145
2142 2141 2145 2155
2142 2143 2149 2144
2142 2147 2154 2152
2142 2150 2148 2155
2143 2145 2145 2149
2143 2152 2143 2150
2143 2153 2148 2147
2144 2143 2155 2147
2144 2146 2154 2154
2146 2155 2154 2151
2147 2144 2145 2154
2147 2152 2145 2153
2148 2141 2142 2151
2150 2150 2152 2151
2151 2150 2148 2153
2152 2160 2154 2157
2152 2162 2161 2158
2153 2155 2161 2161
2153 2165 2154 2159
2154 2155 2165 2156
2155 2162 2152 2159
2155 2162 2156 2163
2155 2165 2154 2160
2156 2155 2154 2158
2156 2163 2161 2158
2157 2154 2162 2161
2157 2157 2163 2157
2159 2159 2160 2162
2161 2169 2171 2168
2162 2156 2162 2162
2163 2155 2163 2164
2163 2161 2171 2163
2163 2161 2175 2165
2163 2165 2175 2168
2165 2165 2162 2171
2165 2171 2166 2174
2165 2173 2166 2170
2165 2174 2165 2169
2166 2174 2170 2174
2167 2166 2166 2169
2168 2167 2164 2175
2169 2162 2174 2174
2170 2165 2162 2173
2171 2171 2171 2174
2171 2172 2184 2175
2171 2174 2177 2180
2172 2172 2177 2176
2173 2182 2180 2182
2174 2172 2174 2175
2174 2173 2182 2179
2174 2174 2184 2174
2175 2170 2175 2175
2175 2175 2180 2182
2175 2179 2180 2182
2176 2176 2185 2185
2176 2183 2185 2179
2179 2184 2182 2185
2180 2177 2174 2181
2181 2171 2177 2185
2181 2187 2185 2195
2181 2195 2187 2187
2182 2177 2176 2183
2182 2183 2184 2189
2182 2186 2193 2189
2183 2190 2195 2187
2184 2188 2194 2185
2185 2193 2190 2190
2186 2184 2195 2188
2186 2194 2194 2189
2187 2191 2185 2191
2188 2184 2185 2188
2188 2195 2184 2191
2189 2192 2183 2191
2190 2192 2186 2193
2192 2186 2193 2193
2192 2192 2200 2193
2192 2195 2202 2196
2192 2204 2200 2204
2193 2196 2194 2204
2193 2197 2200 2202
2193 2204 2195 2197
2194 2201 2193 2196
2194 2202 2197 2200
2195 2196 2194 2199
2198 2197 2200 2199
2198 2198 2205 2199
2199 2199 2198 2201
2199 2199 2204 2205
2200 2202 2197 2202
2201 2204 2194 2204
2202 2201 2205 2204
2202 2202 2206 2213
2202 2208 2202 2207
2202 2211 2208 2208
2203 2203 2211 2213
2203 2211 2202 2215
2204 2213 2213 2205
2204 2214 2211 2207
2205 2206 2204 2213
2206 2206 2201 2210
2206 2210 2206 2215
2206 2211 2214 2214
2206 2214 2210 2213
2207 2203 2209 2214
2211 2215 2214 2212
2211 2215 2217 2223
2212 2208 2212 2213
2212 2214 2222 2224
2212 2218 2212 2213
2212 2223 2218 2222
2212 2225 2212 2225
2213 2217 2216 2214
2213 2220 2217 2225
2214 2224 2217 2222
2214 2225 2214 2217
2215 2220 2221 2223
2215 2224 2211 2220
2217 2224 2221 2223
2218 2218 2225 2218
2219 2211 2216 2224
2221 2227 2230 2228
2222 2224 2225 2223
2222 2226 2230 2229
2223 2224 2233 2223
2223 2230 2235 2233
2224 2222 2227 2232
2224 2226 2229 2227
2224 2233 2230 2227
2225 2225 2228 2230
2227 2222 2232 2235
2227 2235 2222 2230
2228 2221 2221 2231
2228 2222 2229 2232
2229 2223 2227 2231
2229 2224 2230 2231
2231 2237 2240 2234
2232 2237 2245 2241
2232 2242 2239 2233
2233 2235 2237 2233
2233 2236 2243 2233
2234 2240 2232 2235
2235 2232 2236 2241
2235 2239 2244 2243
2237 2238 2239 2240
2238 2231 2244 2243
2238 2234 2243 2240
2238 2236 2243 2242
2239 2240 2233 2243
2240 2239 2243 2244
2241 2235 2238 2242
2241 2251 2247 2246
2242 2249 2250 2251
2243 2245 2245 2249
2243 2249 2246 2244
2243 2250 2247 2248
2244 2252 2254 2245
2245 2244 2241 2251
2247 2241 2242 2249
2247 2246 2249 2247
2247 2252 2250 2254
2247 2252 2252 2250
2247 2255 2250 2251
2248 2242 2249 2255
2248 2245 2252 2253
2251 2244 2254 2251
2251 2259 2252 2261
2252 2253 2254 2265
2252 2253 2260 2265
2252 2262 2251 2257
2252 2264 2256 2255
2253 2261 2263 2261
2254 2253 2254 2259
2257 2260 2257 2258
2258 2253 2264 2260
2258 2259 2261 2262
2258 2262 2255 2260
2260 2254 2255 2261
2260 2261 2252 2264
2261 2251 2253 2265
2261 2263 2259 2262
2261 2266 2275 2267
2261 2272 2268 2263
2262 2261 2261 2264
2262 2264 2262 2265
2263 2261 2270 2266
2263 2274 2263 2269
2264 2262 2263 2264
2264 2269 2265 2269
2265 2273 2270 2269
2265 2275 2267 2272
2266 2261 2265 2272
2269 2261 2268 2274
2271 2271 2274 2273
2271 2275 2274 2282
2272 2261 2268 2275
2272 2268 2265 2275
2272 2278 2281 2285
2273 2273 2280 2283
2273 2281 2273 2280
2274 2282 2277 2278
2274 2284 2273 2275
2275 2272 2283 2279
2275 2279 2282 2285
2275 2283 2280 2277
2277 2276 2275 2281
2278 2272 2277 2282
2278 2278 2282 2278
2279 2275 2281 2282
2280 2272 2278 2281
2281 2292 2281 2285
2281 2294 2288 2285
2283 2272 2283 2283
2283 2286 2290 2294
2283 2293 2292 2284
2283 2294 2282 2292
2283 2295 2295 2294
2285 2295 2287 2286
2286 2281 2282 2291
2287 2288 2287 2293
2287 2293 2290 2292
2288 2281 2286 2290
2288 2283 2292 2294
2288 2291 2283 2290
2291 2291 2292 2294
2291 2299 2291 2301
2292 2288 2295 2293
2292 2293 2296 2299
2292 2300 2303 2294
2293 2293 2299 2297
2293 2297 2305 2296
2293 2299 2292 2298
2293 2299 2300 2303
2294 2303 2292 2301
2294 2305 2295 2304
2295 2297 2299 2298
2295 2302 2298 2300
2299 2292 2298 2301
2299 2304 2299 2302
2301 2307 2314 2308
2302 2293 2298 2302
2302 2295 2292 2304
2302 2305 2313 2303
2305 2302 2310 2311
2305 2308 2312 2312
2305 2311 2309 2315
2306 2303 2311 2308
2306 2308 2303 2314
2306 2311 2305 2309
2307 2309 2311 2307
2308 2314 2305 2314
2309 2306 2304 2311
2309 2314 2309 2310
2310 2302 2312 2315
2311 2316 2322 2316
2312 2311 2319 2321
2312 2312 2322 2324
2312 2317 2315 2317
2312 2317 2322 2321
2313 2303 2315 2314
2313 2309 2308 2315
2314 2311 2323 2315
2314 2312 2315 2319
2315 2315 2318 2324
2315 2317 2323 2315
2316 2322 2314 2325
2316 2323 2325 2318
2317 2318 2322 2323
2319 2316 2321 2321
2319 2318 2324 2320
2321 2321 2331 2330
2321 2323 2326 2335
2321 2324 2321 2334
2321 2325 2334 2321
2321 2326 2326 2328
2322 2324 2319 2323
2323 2331 2324 2324
2325 2326 2323 2327
2326 2328 2326 2335
2327 2326 2333 2334
2327 2327 2335 2329
2328 2329 2323 2330
2329 2322 2332 2334
2329 2324 2332 2330
2330 2324 2334 2332
2331 2344 2338 2336
2332 2335 2336 2335
2333 2334 2339 2338
2333 2337 2344 2339
2333 2343 2340 2340
2334 2328 2330 2334
2334 2336 2339 2339
2336 2333 2337 2336
2337 2340 2344 2341
2338 2341 2339 2339
2339 2336 2332 2343
2339 2344 2344 2340
2340 2340 2332 2343
2341 2338 2344 2342
2341 2345 2343 2344
2341 2346 2353 2346
2341 2347 2343 2346
2341 2347 2348 2342
2341 2353 2352 2352
2342 2331 2338 2342
2343 2344 2353 2350
2344 2345 2341 2345
2344 2353 2341 2351
2345 2346 2355 2350
2346 2355 2347 2349
2347 2352 2345 2353
2347 2352 2350 2348
2348 2352 2350 2354
2349 2350 2341 2352
2350 2353 2341 2354
2351 2357 2363 2365
2352 2346 2348 2354
2352 2357 2358 2360
2352 2357 2364 2352
2355 2352 2354 2359
2356 2355 2365 2356
2356 2356 2364 2360
2356 2363 2354 2360
2356 2364 2353 2359
2356 2365 2363 2360
2358 2360 2364 2362
2358 2365 2354 2360
2359 2351 2365 2359
2359 2365 2355 2364
2361 2353 2362 2364
2361 2354 2356 2362
2362 2361 2375 2372
2362 2362 2371 2375
2362 2363 2369 2367
2362 2366 2361 2374
2363 2368 2361 2366
2363 2375 2368 2369
2364 2370 2368 2366
2364 2371 2371 2372
2365 2367 2371 2374
2365 2367 2372 2370
2367 2363 2368 2368
2368 2370 2366 2372
2368 2375 2363 2374
2369 2366 2366 2373
2372 2373 2366 2375
2372 2380 2373 2373
2373 2378 2377 2374
2373 2382 2380 2378
2374 2372 2373 2378
2374 2383 2374 2383
2375 2371 2383 2381
2375 2381 2384 2383
2375 2384 2382 2380
2376 2379 2380 2380
2378 2372 2371 2380
2378 2382 2375 2382
2379 2381 2382 2384
2379 2382 2378 2385
2380 2377 2379 2382
2381 2384 2391 2388
2381 2391 2392 2383
2381 2392 2394 2392
2382 2391 2393 2385
2383 2388 2394 2391
2383 2390 2392 2384
2384 2373 2382 2385
2384 2387 2389 2393
2384 2387 2390 2385
2385 2394 2390 2391
2385 2394 2395 2385
2386 2388 2386 2388
2387 2384 2395 2394
2389 2384 2395 2394
2391 2384 2395 2393
2391 2398 2400 2405
2392 2404 2404 2393
2392 2405 2405 2404
2393 2397 2402 2403
2393 2398 2395 2397
2393 2404 2397 2395
2394 2391 2381 2395
2395 2400 2391 2396
2395 2401 2393 2398
2397 2399 2393 2398
2398 2395 2402 2401
2398 2398 2397 2399
2398 2402 2398 2403
2399 2394 2403 2404
2400 2402 2398 2402
2402 2404 2403 2415
2402 2406 2415 2408
2402 2407 2409 2403
2402 2408 2413 2414
2403 2399 2403 2405
2403 2405 2403 2415
2404 2412 2405 2407
2405 2404 2414 2415
2405 2408 2415 2407
2405 2415 2412 2412
2407 2411 2409 2413
2408 2401 2409 2414
2408 2408 2402 2410
2409 2403 2408 2412
2410 2404 2409 2410
2410 2415 2404 2413
2411 2414 2415 2421
2411 2421 2424 2411
2411 2424 2412 2421
2412 2415 2417 2415
2412 2419 2413 2424
2412 2421 2416 2417
2413 2412 2416 2417
2413 2420 2424 2417
2415 2412 2424 2423
2417 2413 2424 2418
2417 2419 2413 2419
2418 2415 2421 2420
2420 2414 2413 2424
2421 2423 2423 2431
2421 2428 2425 2425
2421 2430 2422 2428
2421 2432 2421 2430
2422 2421 2421 2431
2422 2434 2425 2435
2423 2423 2416 2424
2423 2429 2424 2426
2423 2435 2433 2425
2424 2412 2418 2425
2427 2424 2423 2430
2428 2433 2431 2434
2429 2425 2422 2435
2429 2427 2429 2429
2429 2431 2434 2429
2429 2435 2430 2433
2431 2431 2432 2434
2431 2434 2431 2445
2431 2437 2442 2432
2431 2438 2437 2434
2432 2433 2438 2436
2432 2445 2442 2437
2433 2439 2438 2435
2435 2435 2432 2444
2435 2441 2433 2438
2436 2433 2443 2444
2437 2441 2440 2441
2438 2440 2442 2442
2439 2433 2435 2439
2439 2434 2443 2443
2439 2441 2438 2442
2441 2453 2448 2452
2442 2436 2443 2442
2444 2444 2449 2455
2444 2447 2455 2447
2445 2446 2452 2455
2445 2446 2454 2445
2446 2447 2452 2447
2446 2450 2442 2449
2447 2451 2443 2451
2447 2452 2450 2448
2448 2446 2455 2449
2449 2442 2446 2452
2449 2453 2441 2453
2450 2446 2445 2455
2451 2443 2448 2452
2452 2452 2452 2453
2452 2455 2464 2465
2452 2460 2456 2454
2453 2452 2464 2461
2453 2458 2461 2460
2454 2450 2448 2455
2454 2455 2462 2458
2454 2459 2457 2460
2455 2451 2456 2465
2456 2455 2460 2464
2456 2464 2452 2461
2458 2453 2454 2460
2458 2459 2458 2461
2459 2465 2458 2465
2461 2453 2457 2465
2461 2468 2462 2470
2461 2468 2467 2462
2461 2475 2472 2473
2462 2462 2469 2474
2462 2468 2470 2470
2463 2474 2462 2469
2464 2462 2462 2468
2464 2474 2468 2472
2465 2454 2464 2465
2465 2462 2473 2473
2465 2471 2473 2467
2466 2461 2462 2466
2466 2470 2465 2470
2468 2463 2467 2474
2468 2473 2469 2474
2471 2468 2466 2474
2471 2475 2476 2483
2472 2474 2479 2484
2472 2483 2474 2482
2473 2472 2483 2483
2474 2481 2473 2480
2475 2472 2473 2477
2475 2474 2481 2477
2475 2481 2480 2476
2476 2480 2485 2477
2478 2475 2484 2482
2478 2479 2484 2483
2479 2473 2477 2479
2479 2480 2480 2480
2481 2486 2487 2490
2482 2486 2495 2485
2482 2490 2488 2487
2482 2490 2495 2487
2483 2471 2478 2483
2483 2472 2475 2484
2483 2481 2483 2484
2483 2488 2485 2484
2483 2488 2485 2487
2483 2488 2487 2484
2484 2495 2494 2493
2485 2485 2491 2487
2486 2489 2491 2492
2486 2493 2495 2495
2489 2482 2494 2491
2491 2487 2484 2493
2492 2488 2485 2493
2492 2491 2502 2504
2492 2495 2497 2493
2492 2501 2502 2494
2493 2492 2497 2501
2493 2496 2492 2500
2494 2496 2497 2505
2496 2494 2501 2505
2496 2505 2500 2499
2497 2493 2494 2503
2497 2497 2499 2499
2499 2492 2494 2500
2501 2492 2497 2505
2501 2498 2501 2504
2501 2503 2501 2503
2501 2504 2502 2504
