1 1 15 2
1 12 6 6
1 12 14 2
3 4 3 6
4 12 4 14
4 12 5 14
4 13 7 10
6 8 3 14
7 4 5 10
7 5 3 8
7 15 9 10
8 8 8 14
9 8 2 12
9 10 9 11
11 12 16 21
11 18 21 19
11 20 12 16
11 25 23 20
12 11 18 19
12 13 24 19
13 5 7 15
13 14 24 22
13 18 20 22
16 13 13 18
16 22 14 22
18 15 13 22
18 25 17 24
19 15 19 25
20 21 18 21
21 19 24 22
22 24 33 35
23 23 32 25
23 30 28 27
24 24 25 27
25 22 26 28
26 31 25 29
29 34 21 34
29 35 34 32
30 21 30 35
30 23 33 30
31 30 22 34
31 30 27 33
31 34 41 44
31 36 43 33
31 38 36 41
31 38 38 41
31 42 36 40
32 32 34 32
32 33 24 34
32 38 40 33
32 40 36 39
33 34 38 41
34 22 29 35
34 25 26 34
34 31 40 44
34 35 45 38
37 40 31 41
40 33 45 44
41 45 42 46
41 45 43 55
41 47 41 47
41 51 45 44
41 53 48 51
42 41 45 43
42 44 46 45
42 45 44 53
43 43 51 47
44 42 34 45
44 43 44 45
44 49 46 51
45 42 50 53
45 45 42 54
45 55 43 54
48 49 44 54
51 54 42 53
51 56 63 59
52 54 64 61
52 56 60 55
53 58 52 60
53 65 53 56
54 63 54 61
54 64 59 62
55 52 53 55
55 57 62 55
57 52 60 59
58 57 57 62
59 61 52 61
60 52 55 60
60 59 65 65
61 53 54 65
61 70 62 72
62 61 64 66
62 73 61 64
63 65 68 67
64 66 63 67
64 66 72 70
65 75 74 69
66 68 63 68
67 63 75 75
68 65 74 72
68 72 67 69
69 61 74 75
69 64 61 73
70 70 72 74
71 78 71 74
73 62 62 74
73 72 77 74
73 76 85 78
74 73 81 78
74 82 85 75
74 83 75 80
76 82 78 84
77 71 82 80
77 83 85 79
78 83 83 80
79 80 80 80
80 74 85 83
81 90 89 95
82 82 94 94
82 86 93 89
83 75 76 83
83 77 74 84
83 84 90 84
84 73 78 84
85 90 86 95
85 93 88 89
85 93 90 94
87 82 91 92
87 94 88 95
89 91 81 95
89 91 92 90
89 94 82 90
90 84 85 93
91 99 100 101
91 103 99 98
92 84 81 93
92 86 92 94
93 99 97 101
93 104 102 94
93 105 93 95
94 100 103 99
94 104 104 105
94 104 105 94
95 104 92 99
96 93 92 105
96 95 95 98
98 95 95 98
101 101 114 108
101 104 105 107
101 107 114 108
102 97 95 105
102 103 106 104
102 111 111 107
103 105 97 104
104 98 98 105
104 103 110 104
104 113 104 109
105 108 110 110
106 102 113 107
108 105 108 109
108 108 109 115
108 109 111 112
109 107 101 115
111 111 115 124
111 114 121 124
112 106 105 115
112 115 110 115
112 117 114 122
113 112 122 123
113 112 125 119
113 115 123 115
113 116 119 119
113 117 123 120
113 119 111 122
114 117 112 117
114 117 114 119
114 123 120 122
116 121 111 125
116 125 112 125
121 123 125 131
121 132 129 133
121 135 135 133
122 133 131 128
123 113 117 124
123 123 127 131
123 134 132 135
124 125 122 135
126 121 121 130
126 133 123 135
127 128 129 133
128 126 128 133
128 128 132 135
129 123 126 130
129 130 127 135
129 134 122 134
131 133 140 131
131 138 131 136
131 139 140 133
131 140 141 135
132 131 135 141
132 137 132 136
132 137 133 136
134 134 137 138
134 134 137 140
134 138 136 135
137 139 132 140
139 142 133 143
141 140 136 145
141 144 132 144
141 145 153 151
141 148 144 148
142 146 144 145
143 142 143 143
143 152 147 148
143 152 150 155
144 144 146 153
145 144 142 154
145 153 149 147
147 143 143 149
148 146 151 152
148 147 150 153
148 148 155 154
149 144 145 155
151 151 147 153
152 148 141 154
152 154 154 165
152 164 162 155
155 160 155 164
156 152 155 160
156 159 156 161
156 165 158 162
157 155 159 163
157 165 155 161
158 153 159 164
158 155 151 160
158 164 155 164
160 158 156 164
160 162 164 161
161 163 169 174
161 175 173 167
163 154 163 164
163 162 174 165
163 175 174 170
164 152 156 164
164 166 167 169
164 167 166 171
165 165 169 168
166 174 168 174
167 175 165 168
168 165 161 170
168 172 168 175
169 169 169 173
171 167 170 174
171 171 172 176
171 172 178 175
171 178 174 174
172 172 174 173
172 173 174 173
172 174 180 183
172 177 176 175
172 182 180 173
174 180 175 177
174 185 172 176
174 185 174 179
175 173 174 178
178 172 173 183
178 181 176 185
179 172 184 185
180 179 181 181
181 180 183 184
181 181 190 183
184 181 193 195
184 183 184 192
184 183 190 187
184 191 187 187
184 192 185 192
185 181 182 188
185 181 194 191
185 184 191 193
185 192 184 191
186 189 195 192
188 184 192 193
188 194 192 192
188 195 184 189
191 192 204 191
191 196 191 201
192 188 192 195
192 193 200 201
192 202 199 195
192 204 197 193
193 194 197 200
193 200 193 202
193 203 197 204
194 194 199 200
194 196 200 202
194 205 205 197
195 196 199 202
195 205 204 204
199 204 198 200
201 205 213 205
201 215 206 206
202 203 203 205
202 210 213 207
202 214 212 210
203 201 202 205
203 207 214 209
203 208 206 215
203 208 207 210
203 210 215 213
204 202 208 204
205 204 213 213
205 208 212 210
206 205 214 212
206 210 211 206
209 201 215 213
211 215 223 215
211 216 214 224
211 216 222 219
213 215 223 215
213 223 219 215
214 223 212 222
215 211 217 218
215 219 214 225
216 213 213 224
216 220 216 220
217 215 214 223
218 218 221 219
219 213 218 222
219 221 218 223
221 220 212 222
221 226 226 230
221 231 227 225
221 231 229 228
221 235 222 235
223 222 223 235
223 222 224 229
224 223 227 224
225 229 230 230
227 232 228 235
228 221 231 235
228 224 229 230
229 229 230 231
231 238 238 243
232 228 228 233
232 228 229 235
232 233 244 233
232 243 233 236
233 231 231 235
233 243 244 241
234 228 224 235
234 232 244 236
234 239 242 235
235 234 243 243
236 235 231 245
236 245 238 241
236 245 242 240
238 235 235 239
238 243 241 245
239 245 237 245
241 245 254 241
242 232 235 244
242 245 255 251
243 241 245 247
243 253 252 247
244 243 254 249
244 244 249 251
245 252 247 251
246 253 242 255
247 246 244 248
247 251 249 252
248 248 245 251
248 254 244 254
249 242 254 250
249 251 245 255
251 264 255 259
252 244 246 252
253 255 261 262
254 252 253 256
254 263 255 262
255 259 261 260
256 253 265 259
256 260 259 262
257 251 265 261
257 259 260 260
258 252 251 265
258 254 264 258
259 265 252 260
260 255 255 262
260 258 259 262
261 263 271 267
262 270 266 269
264 251 254 264
264 261 270 275
265 272 273 266
265 275 275 271
266 268 273 270
266 269 266 273
267 265 268 270
267 269 273 272
268 274 271 272
269 269 261 272
269 274 275 275
270 269 274 273
271 274 278 274
271 275 270 272
272 281 273 273
272 285 274 279
273 271 283 277
274 268 275 274
274 283 276 276
275 272 274 276
275 274 277 282
276 284 285 278
277 284 279 280
279 276 278 285
279 277 283 283
279 280 284 283
280 273 283 281
280 284 285 285
281 281 290 287
282 274 279 285
282 282 282 290
282 282 283 289
282 288 283 289
284 282 289 294
284 285 289 287
284 289 281 290
284 291 292 286
284 294 287 294
285 287 283 286
286 282 292 289
286 287 282 289
288 291 294 292
291 287 293 291
291 291 281 292
291 291 299 301
291 294 291 302
293 301 291 305
294 294 291 295
294 296 300 299
294 303 293 303
295 301 292 299
297 296 295 298
297 297 305 302
298 293 292 300
298 297 303 301
299 292 293 304
300 297 298 305
301 296 291 304
301 302 307 305
301 302 315 307
301 303 299 303
302 301 307 305
304 301 314 304
304 306 304 305
304 311 302 313
304 313 309 314
305 301 309 308
305 308 305 309
306 312 305 312
307 301 307 309
307 304 315 313
307 309 302 311
308 304 308 315
311 314 316 312
311 316 314 325
311 316 320 324
311 318 318 312
312 307 315 312
313 323 316 319
315 319 324 319
317 318 314 319
318 311 323 318
318 312 320 320
319 317 325 324
320 317 313 323
321 324 325 334
321 333 331 328
321 335 335 331
322 317 311 325
322 329 332 333
322 334 329 323
323 313 319 324
323 324 312 324
324 311 323 325
324 321 321 333
324 330 328 325
325 325 324 334
325 330 322 326
325 334 332 327
326 327 326 332
326 330 331 328
326 335 321 330
329 326 331 330
330 324 328 335
331 332 338 344
331 338 335 335
331 339 336 341
331 344 344 344
332 333 341 337
332 339 340 341
332 340 338 335
333 334 333 338
334 341 335 342
335 335 344 336
337 343 333 340
338 331 333 342
338 332 342 343
340 337 332 344
340 341 341 342
341 348 346 349
341 352 353 355
342 348 351 345
342 352 349 352
343 354 348 348
344 343 354 355
345 349 348 350
346 343 352 350
348 344 349 355
348 346 350 354
348 348 347 351
348 352 342 353
349 341 348 349
351 359 365 352
351 360 364 351
352 351 356 361
352 355 354 360
352 355 360 357
353 350 342 354
353 351 357 360
354 349 346 355
356 356 358 356
356 358 361 357
358 360 353 364
358 361 365 363
360 355 358 365
361 363 359 365
362 351 359 365
362 359 365 363
362 365 374 371
362 375 362 368
363 365 360 364
363 365 365 375
363 372 364 375
364 361 361 368
365 363 374 370
365 367 372 369
366 368 364 367
367 370 363 372
367 372 371 371
368 367 367 371
369 363 375 369
371 363 366 375
372 379 379 377
372 380 374 373
373 372 376 378
373 376 378 374
374 371 368 375
374 384 371 376
374 384 378 375
375 365 369 375
375 372 381 376
375 380 374 380
375 381 385 379
375 382 384 382
377 372 378 383
379 372 374 385
379 373 374 379
379 383 373 381
381 392 392 383
382 376 379 382
382 382 385 388
382 391 386 384
383 385 394 391
383 390 394 391
383 395 386 395
384 381 384 391
384 384 395 384
384 391 382 393
385 385 390 390
386 384 381 391
386 386 385 389
386 386 385 390
387 382 384 387
391 400 404 404
391 403 392 397
391 405 398 403
393 394 391 399
393 395 391 400
393 399 405 400
394 382 393 395
394 394 395 397
396 397 391 399
396 400 395 397
396 402 405 404
397 397 395 404
398 398 391 400
399 400 403 404
401 408 407 409
402 401 401 405
402 401 410 411
402 407 404 412
403 402 404 405
403 405 401 405
403 408 415 403
403 412 409 415
404 406 411 414
405 404 409 409
406 404 405 413
407 404 413 411
407 414 410 413
409 412 402 413
409 415 404 413
410 414 403 412
411 410 406 413
411 417 420 413
411 419 422 422
411 423 418 419
412 416 424 416
412 422 424 421
414 414 415 423
415 423 424 417
416 421 418 419
417 412 418 417
417 420 413 422
421 421 430 431
421 424 423 423
422 412 413 425
422 412 425 422
422 424 415 425
422 431 422 427
422 435 423 426
423 414 419 424
423 421 424 431
423 427 432 424
423 430 421 433
424 423 421 433
424 435 422 428
424 435 435 433
425 426 426 433
425 431 428 431
426 427 430 432
428 428 435 429
430 432 435 433
431 433 434 445
431 435 430 432
431 439 431 442
432 434 437 440
432 444 442 437
433 441 436 438
435 442 442 445
435 445 442 436
436 437 431 445
437 431 441 440
437 441 441 441
438 438 440 438
439 437 438 445
439 439 431 445
440 439 436 445
441 444 447 443
442 441 442 453
442 442 450 450
442 449 453 455
442 454 447 451
443 442 455 454
443 443 441 444
443 448 447 455
443 454 453 455
444 443 455 452
444 445 444 448
444 449 442 452
444 449 444 452
444 453 450 451
444 454 451 447
448 448 442 449
451 452 461 451
451 457 451 454
451 462 455 465
452 454 459 464
453 452 464 456
454 453 462 459
454 459 455 456
455 455 455 464
455 457 451 461
456 455 451 460
456 458 462 457
457 459 461 458
458 451 465 465
460 457 460 461
461 469 468 465
461 475 471 466
462 454 465 465
463 461 475 467
464 469 471 469
465 470 472 471
465 475 468 468
466 462 470 470
467 462 472 470
467 469 468 470
470 463 474 475
470 469 470 474
470 475 461 471
471 468 472 475
471 470 474 474
472 476 478 485
472 476 483 474
472 484 471 484
473 474 472 484
473 484 484 482
474 472 473 483
475 461 471 475
475 478 478 478
475 485 476 485
477 480 485 478
478 477 483 480
480 475 474 483
481 482 486 489
481 483 478 482
482 495 491 493
483 473 472 485
483 476 473 485
483 481 491 491
483 487 484 486
483 493 481 490
483 494 484 493
484 474 479 484
484 489 493 491
484 492 484 495
487 488 492 491
488 481 490 488
490 484 494 491
491 485 481 493
491 498 494 494
491 503 492 493
492 484 489 494
492 497 496 498
492 498 496 501
492 500 505 500
492 502 495 494
492 505 491 496
493 499 497 497
494 482 481 495
494 495 498 500
494 499 498 499
496 505 494 497
498 495 505 502
500 501 502 505
501 502 504 505
501 509 508 503
502 499 498 504
502 503 497 503
503 508 511 503
504 508 511 508
504 509 512 505
506 501 515 510
506 506 508 511
506 510 507 515
507 507 504 508
508 509 507 509
508 512 513 508
511 508 513 514
511 510 502 512
511 513 506 514
511 515 522 522
511 517 515 522
511 521 519 520
512 520 516 517
512 524 516 525
513 511 516 514
514 524 524 518
515 504 513 515
515 518 517 516
516 515 522 520
516 524 517 520
518 512 521 522
518 514 516 525
519 524 519 521
521 519 521 521
521 521 525 527
521 523 526 524
521 525 522 525
521 529 525 526
521 530 526 534
521 533 535 521
522 526 534 531
523 533 535 530
523 534 528 534
524 521 520 525
524 524 530 533
524 535 525 528
527 531 527 528
530 524 523 535
531 528 529 532
531 531 542 545
531 533 542 537
532 544 542 536
533 526 528 533
533 533 539 540
533 538 543 537
533 544 539 544
534 543 541 535
535 542 534 543
536 541 535 544
537 542 533 539
539 537 541 544
539 538 539 540
539 542 539 545
540 539 537 541
541 547 544 553
541 550 549 546
542 551 547 555
543 551 542 555
543 553 545 549
544 535 535 544
544 546 551 548
544 548 553 547
546 544 549 555
547 546 551 552
547 549 547 555
547 555 551 548
549 546 546 553
549 554 554 553
550 544 542 553
551 542 548 553
551 556 561 563
551 559 563 565
553 553 565 555
553 560 565 556
554 553 564 563
554 565 555 558
555 556 562 565
555 560 558 564
555 560 564 565
557 555 559 563
557 560 554 560
558 553 558 563
559 557 552 560
560 553 554 560
561 570 568 575
562 561 562 569
562 567 568 572
562 568 563 564
562 574 572 565
563 562 558 565
563 563 566 564
564 571 566 570
567 567 573 571
569 566 571 574
570 561 568 572
571 572 576 579
571 575 563 575
571 576 579 585
571 577 579 585
572 564 570 573
572 569 575 572
572 572 585 585
572 574 573 582
572 577 575 585
573 565 568 575
573 571 574 574
573 577 578 581
574 576 584 581
574 576 584 585
574 580 574 578
577 574 575 585
579 572 574 579
579 579 572 582
580 582 576 584
582 582 593 582
582 587 582 591
583 586 582 590
584 588 593 590
584 591 589 591
585 585 585 585
585 585 592 593
586 584 581 591
586 585 594 593
587 581 588 591
587 589 595 592
588 581 587 591
589 587 583 591
589 588 594 593
590 582 586 594
591 595 603 602
591 604 599 605
592 605 599 601
593 585 592 595
593 593 592 595
594 598 601 605
594 603 605 600
595 591 598 603
595 593 599 598
595 598 597 600
596 592 593 596
596 598 593 598
596 603 604 600
597 600 595 601
597 605 593 604
601 602 605 614
601 602 608 604
601 604 606 605
601 611 615 606
602 601 602 606
603 603 610 605
603 609 603 614
603 609 614 603
604 592 601 605
605 609 604 610
606 610 609 607
606 615 607 607
607 601 605 614
608 602 611 613
608 611 607 609
609 603 605 615
611 617 614 624
611 623 618 623
611 624 620 621
612 611 615 618
612 613 625 614
612 615 616 616
612 618 619 623
614 613 619 623
614 622 611 625
616 625 620 625
617 625 611 620
618 623 615 621
619 617 615 620
621 615 611 622
621 623 629 635
621 626 622 631
621 629 623 623
622 624 624 624
622 632 626 635
623 624 633 634
624 626 622 628
625 633 630 632
626 625 631 629
628 635 628 634
629 626 635 635
629 631 627 631
629 633 624 632
631 631 641 645
631 635 641 642
631 641 639 638
632 628 626 633
632 628 626 634
632 628 628 632
633 631 636 645
633 631 641 643
634 643 640 641
635 642 634 640
636 638 635 642
636 640 634 643
636 645 634 642
638 634 636 642
639 643 642 643
640 641 642 640
641 632 641 643
641 648 648 642
642 649 649 655
642 654 654 651
643 640 643 644
643 641 651 643
643 647 649 647
643 655 642 652
644 649 646 651
645 643 644 647
645 651 642 653
645 653 648 652
647 652 644 654
648 645 652 650
649 649 646 650
652 641 642 653
652 651 655 652
652 654 651 665
653 651 652 653
653 654 662 655
654 652 658 657
656 654 657 663
656 665 664 664
657 663 653 658
657 663 661 664
658 657 658 660
659 653 664 663
659 664 653 664
659 664 659 664
660 653 663 665
661 662 656 662
662 662 661 672
662 664 666 663
663 655 661 664
663 669 667 671
663 673 667 669
664 668 662 665
667 667 665 671
667 672 674 674
668 664 668 670
669 665 662 670
669 667 673 671
669 675 664 673
670 675 663 674
671 685 675 683
672 663 671 675
672 664 671 674
672 675 680 679
672 677 672 673
673 671 671 676
673 677 678 685
673 685 677 678
674 671 665 675
674 674 680 675
674 678 679 681
675 675 674 677
676 674 672 684
676 674 679 679
678 680 672 681
678 682 677 682
679 673 677 683
679 677 675 685
681 688 685 693
681 689 683 683
681 694 687 695
682 684 688 693
682 692 681 684
683 683 691 688
683 686 694 688
683 692 693 691
684 686 690 687
685 685 685 692
685 692 694 686
685 693 687 693
687 689 687 689
687 690 691 689
690 686 683 694
691 703 702 695
692 697 697 694
693 694 700 699
693 699 692 700
693 701 693 697
693 702 693 698
694 704 701 698
697 691 698 703
697 698 699 697
698 696 703 698
699 692 693 705
699 705 693 700
700 699 697 701
700 700 697 705
701 693 703 701
701 706 714 704
701 708 703 707
702 707 706 706
703 708 702 709
703 709 702 711
703 709 713 713
705 703 715 707
705 715 707 707
705 715 710 706
706 706 709 714
707 711 709 710
708 701 712 715
708 709 712 710
708 715 715 713
711 718 717 724
711 721 717 725
712 708 711 715
712 713 720 715
712 717 716 722
712 722 716 716
714 720 725 719
714 724 712 722
715 718 715 720
716 712 722 723
716 717 715 724
718 725 715 722
720 716 719 721
720 720 719 725
720 725 724 724
721 712 712 725
722 732 722 730
722 734 725 724
723 725 727 732
724 726 729 726
724 733 729 727
725 722 734 729
725 733 725 731
726 724 729 729
726 727 733 731
726 734 732 735
727 729 727 731
729 732 724 731
730 732 721 731
730 734 722 734
732 727 732 735
732 733 735 740
732 736 745 744
732 741 744 740
733 738 743 741
733 740 745 743
735 740 742 742
735 742 740 740
736 732 735 737
736 741 742 739
737 731 735 737
737 738 742 738
739 735 735 740
739 736 743 740
739 737 744 745
741 746 750 748
741 749 748 747
742 751 748 746
743 740 742 743
743 744 752 747
744 751 751 752
747 741 744 754
747 741 754 752
747 742 743 753
748 748 748 749
748 748 755 751
749 749 742 752
749 753 755 750
750 744 745 754
750 752 743 751
751 753 760 751
751 760 755 755
752 753 754 752
752 757 757 765
753 755 761 762
754 757 761 765
754 760 761 756
755 755 764 757
755 759 751 758
756 754 756 762
758 751 756 758
759 755 757 763
759 757 752 763
761 756 765 765
761 766 766 768
761 769 771 761
761 772 767 774
761 774 772 766
762 758 760 764
762 770 762 773
762 773 775 769
763 763 772 771
763 764 764 771
763 773 769 768
764 753 758 764
764 775 764 772
769 767 774 772
770 763 774 773
770 766 773 775
771 768 768 773
772 770 770 773
772 774 774 772
773 774 780 782
773 782 771 777
774 775 773 775
774 778 783 778
774 782 785 780
774 783 784 781
775 772 781 775
775 780 773 782
776 778 783 778
776 784 783 784
778 777 781 782
779 777 780 784
780 781 777 783
780 782 784 782
781 786 783 789
782 792 790 787
783 781 795 786
783 787 784 789
783 793 782 787
783 793 794 795
784 784 790 795
784 793 789 791
785 781 792 787
786 785 790 792
788 782 786 788
789 792 785 792
789 793 792 790
791 791 801 803
791 795 791 801
791 803 803 799
792 781 792 793
792 793 784 795
792 803 791 795
793 797 797 805
793 799 803 804
793 803 791 803
793 805 800 805
794 798 793 802
794 804 791 800
796 799 793 800
800 796 795 804
800 798 791 803
801 795 802 801
801 796 799 801
801 806 813 804
801 814 804 814
801 815 801 807
802 805 807 804
803 807 806 810
803 813 810 805
805 809 801 808
806 811 803 807
806 813 803 808
807 805 811 808
809 812 802 811
810 806 802 812
810 808 808 810
811 807 811 815
811 815 816 812
811 825 811 814
811 825 823 813
812 817 816 825
812 817 817 818
813 817 811 825
813 817 823 815
813 824 814 816
814 814 814 814
814 824 814 822
817 812 812 822
818 825 823 824
819 821 815 823
819 824 813 821
820 816 813 825
820 824 819 825
821 821 822 832
821 821 828 833
822 826 824 824
822 828 821 833
823 822 828 831
823 829 821 829
824 829 824 830
825 835 824 835
827 831 827 832
829 831 830 830
829 831 832 831
830 826 833 831
831 821 831 833
831 824 825 834
831 838 838 844
831 840 833 839
832 821 829 834
832 831 831 833
832 844 840 839
832 845 844 844
833 839 841 837
837 835 843 842
838 845 840 839
839 835 833 842
839 836 841 842
840 844 834 845
840 845 837 843
841 841 849 847
841 844 841 850
842 833 839 843
842 836 842 844
842 844 843 854
842 848 841 847
842 848 851 845
842 853 848 853
843 843 842 853
843 845 845 852
843 848 846 845
844 843 845 844
844 852 854 854
846 855 850 853
847 851 853 852
848 851 850 850
850 841 845 853
851 853 861 864
851 859 853 856
852 852 853 862
852 854 854 857
853 848 849 853
853 852 855 857
853 857 862 862
855 851 865 864
855 859 859 862
856 853 862 859
856 863 855 862
857 861 852 860
857 861 863 857
858 855 857 860
858 857 852 863
861 862 871 870
862 852 856 863
862 864 874 862
862 873 868 871
864 862 867 871
864 869 865 873
865 868 874 870
865 870 870 873
866 872 872 870
868 862 872 873
868 868 870 869
869 865 872 872
869 872 874 870
871 872 874 875
872 864 865 872
872 871 872 875
872 875 882 882
872 880 877 881
872 881 882 882
872 884 877 884
873 869 869 874
874 879 880 878
874 880 874 879
875 877 879 881
875 880 878 879
875 882 875 883
876 881 880 882
876 885 879 884
881 891 894 887
882 884 883 884
882 890 890 886
882 893 888 886
882 894 891 895
883 885 883 892
884 877 883 885
884 883 882 892
884 884 876 885
884 895 892 888
885 886 893 885
885 889 891 885
885 892 892 894
886 885 894 894
888 883 885 894
889 881 891 890
891 892 898 894
891 897 898 903
891 899 894 897
891 902 899 904
891 902 905 892
891 905 903 893
893 890 891 895
893 899 894 905
893 902 901 897
894 891 894 896
895 884 887 895
895 895 899 895
895 897 891 897
897 900 902 898
897 905 891 904
898 894 901 898
899 903 894 905
901 913 902 913
904 903 912 909
904 905 914 914
904 907 904 905
904 914 915 904
904 915 906 913
905 906 912 909
905 907 915 913
906 915 910 914
907 906 904 914
907 910 901 912
908 904 913 910
908 908 914 908
909 902 902 914
910 901 910 913
911 914 913 916
912 918 912 924
912 924 915 918
913 915 918 916
913 921 918 917
913 921 925 920
913 922 913 925
913 925 924 919
914 911 914 914
914 922 920 921
915 914 919 920
915 919 917 916
918 918 923 921
921 921 918 923
921 925 930 923
922 928 930 932
922 931 922 933
922 933 924 932
922 933 925 933
923 928 923 934
923 932 926 930
924 927 923 935
925 913 920 925
925 930 934 925
927 924 933 927
927 926 929 929
928 923 922 931
928 929 924 934
929 930 933 934
931 938 936 939
932 921 924 935
932 932 936 934
932 934 931 939
932 943 943 945
934 933 943 943
934 936 934 944
934 938 931 944
934 945 945 940
935 934 931 942
935 937 943 944
937 937 932 941
937 938 936 939
937 943 939 939
941 942 942 952
941 943 931 945
942 932 945 945
943 945 944 944
943 949 942 955
945 945 944 946
945 950 946 947
945 950 954 947
945 954 946 946
946 943 947 954
946 955 952 952
947 941 953 951
947 942 943 951
947 951 942 955
948 945 948 950
950 950 950 951
951 965 961 962
952 953 962 960
953 961 956 960
954 958 962 964
954 959 964 964
954 960 952 963
954 961 961 956
955 952 953 965
957 956 961 960
957 964 952 964
958 960 961 964
960 953 952 963
961 960 952 965
961 964 966 965
961 966 967 969
961 972 968 975
961 972 973 974
961 974 968 962
963 975 967 975
964 968 964 974
965 951 963 965
965 956 964 965
965 972 974 972
966 974 962 968
968 973 966 970
969 974 961 973
970 971 975 971
971 971 974 971
971 973 961 973
972 975 979 973
972 977 977 980
972 977 978 981
973 981 976 977
973 984 978 983
974 964 967 975
974 980 971 980
974 983 981 984
975 972 978 985
975 979 981 976
975 984 974 983
976 979 972 978
977 979 973 980
978 983 980 981
979 978 977 985
981 992 988 983
981 993 990 992
982 981 995 987
982 983 985 987
982 985 988 991
982 988 988 990
982 993 986 993
983 982 984 983
983 985 984 990
983 994 990 985
984 988 988 989
985 981 981 994
985 987 990 989
985 988 981 986
985 988 985 989
988 984 990 990
991 996 1004 1003
992 1001 1002 1003
993 993 994 1002
993 1003 997 998
994 995 994 995
995 993 1001 995
995 1000 995 1005
995 1004 1005 1005
997 996 1003 997
999 993 1001 1001
999 995 996 1005
999 1004 993 1001
1000 1004 995 1002
1001 1002 1002 1004
1001 1003 992 1004
1001 1005 994 1002
1001 1006 1007 1004
1001 1013 1015 1003
1002 1005 1012 1007
1002 1012 1004 1004
1004 1002 1010 1008
1004 1015 1011 1015
1005 1003 1001 1014
1005 1003 1005 1005
1006 1003 1010 1007
1009 1004 1009 1010
1010 1015 1011 1014
1011 1011 1017 1016
1011 1022 1025 1018
1012 1010 1010 1015
1012 1015 1018 1015
1012 1019 1013 1017
1013 1013 1024 1023
1014 1009 1010 1014
1014 1010 1002 1015
1014 1016 1014 1020
1016 1011 1025 1021
1016 1014 1023 1021
1016 1017 1020 1019
1016 1018 1025 1024
1017 1022 1023 1020
1019 1020 1015 1023
1020 1019 1018 1022
1021 1022 1030 1032
1021 1024 1022 1022
1021 1032 1028 1035
1022 1011 1021 1025
1022 1032 1028 1031
1023 1022 1026 1028
1023 1022 1028 1031
1024 1023 1024 1033
1025 1023 1028 1034
1025 1026 1030 1035
1026 1029 1035 1026
1027 1035 1031 1032
1029 1028 1021 1030
1030 1024 1029 1035
1030 1032 1031 1033
1031 1035 1024 1035
1031 1036 1033 1032
1031 1044 1044 1037
1032 1023 1027 1034
1032 1031 1041 1045
1032 1035 1035 1045
1032 1045 1037 1041
1033 1034 1033 1043
1033 1036 1036 1041
1033 1037 1041 1036
1033 1037 1044 1038
1034 1041 1040 1045
1035 1043 1042 1039
1037 1037 1038 1041
1038 1038 1032 1040
1038 1043 1033 1043
1039 1031 1040 1039
1041 1042 1054 1042
1041 1053 1053 1046
1042 1048 1044 1054
1042 1052 1053 1050
1042 1054 1042 1055
1042 1054 1048 1050
1042 1055 1041 1048
1043 1043 1055 1045
1043 1046 1041 1044
1043 1050 1049 1050
1044 1046 1053 1050
1045 1049 1041 1050
1048 1047 1054 1055
1050 1049 1051 1055
1051 1052 1059 1054
1051 1062 1054 1056
1051 1063 1058 1062
1052 1063 1062 1055
1053 1056 1053 1062
1053 1060 1054 1059
1054 1052 1063 1060
1054 1054 1043 1055
1054 1054 1063 1061
1055 1065 1054 1057
1056 1053 1059 1056
1056 1055 1065 1057
1056 1056 1060 1060
1057 1053 1057 1063
1057 1060 1054 1059
1061 1064 1064 1065
1061 1068 1065 1066
1061 1069 1066 1065
1061 1074 1071 1072
1062 1056 1059 1064
1062 1073 1071 1065
1063 1061 1063 1069
1063 1070 1062 1067
1063 1075 1068 1068
1064 1070 1074 1069
1066 1070 1061 1071
1067 1071 1067 1070
1068 1061 1071 1069
1068 1062 1070 1075
1068 1067 1074 1071
1071 1071 1076 1077
1071 1074 1083 1071
1072 1073 1082 1079
1072 1080 1077 1081
1072 1085 1085 1073
1073 1063 1064 1075
1073 1078 1079 1082
1074 1075 1078 1074
1074 1075 1084 1074
1075 1075 1077 1080
1075 1082 1071 1076
1078 1084 1083 1081
1081 1074 1078 1085
1081 1075 1081 1081
1081 1088 1085 1082
1081 1089 1093 1090
1081 1090 1086 1083
1081 1094 1084 1082
1082 1081 1091 1092
1082 1088 1087 1092
1083 1081 1084 1084
1083 1082 1090 1092
1083 1088 1087 1095
1084 1072 1081 1085
1085 1071 1079 1085
1085 1089 1091 1087
1086 1086 1091 1091
1086 1094 1087 1091
1087 1090 1090 1089
1088 1095 1089 1094
1090 1085 1086 1090
1091 1104 1096 1097
1091 1104 1100 1097
1092 1096 1097 1092
1092 1097 1102 1097
1092 1099 1098 1093
1092 1104 1103 1102
1093 1095 1095 1099
1094 1094 1095 1100
1094 1100 1093 1099
1094 1105 1092 1099
1096 1096 1093 1099
1096 1105 1093 1102
1097 1103 1103 1105
1101 1106 1109 1114
1101 1110 1108 1107
1102 1092 1098 1103
1103 1106 1115 1112
1103 1109 1109 1114
1104 1092 1100 1105
1104 1101 1105 1107
1104 1102 1103 1104
1104 1107 1104 1106
1105 1101 1114 1109
1105 1104 1114 1111
1106 1104 1115 1106
1108 1107 1105 1110
1111 1107 1112 1112
1111 1112 1124 1117
1111 1116 1120 1123
1111 1118 1122 1121
1111 1119 1113 1122
1111 1121 1112 1122
1112 1102 1112 1115
1112 1103 1114 1113
1112 1111 1113 1118
1112 1118 1125 1123
1112 1121 1121 1119
1113 1101 1108 1115
1113 1114 1112 1117
1116 1112 1114 1116
1116 1123 1123 1122
1118 1118 1112 1120
1118 1118 1121 1121
1120 1113 1115 1125
1121 1129 1128 1129
1122 1115 1125 1124
1122 1123 1125 1129
1122 1125 1126 1131
1123 1125 1127 1129
1124 1127 1125 1126
1124 1127 1129 1128
1124 1129 1124 1135
1126 1121 1125 1128
1126 1122 1135 1128
1127 1134 1125 1130
1131 1122 1122 1131
1131 1131 1145 1145
1131 1136 1142 1140
1131 1137 1137 1144
1131 1138 1132 1138
1132 1121 1121 1134
1132 1125 1127 1134
1132 1126 1123 1135
1132 1133 1132 1142
1132 1135 1134 1139
1132 1135 1145 1140
1132 1140 1131 1144
1132 1145 1144 1141
1133 1123 1133 1134
1133 1144 1144 1139
1135 1133 1131 1143
1135 1141 1140 1141
1137 1139 1131 1140
1139 1143 1138 1140
1142 1139 1142 1142
1142 1146 1147 1151
1143 1146 1149 1154
1143 1146 1155 1143
1143 1147 1151 1150
1143 1153 1154 1148
1144 1144 1152 1147
1145 1144 1148 1154
1145 1147 1142 1146
1146 1155 1143 1150
1147 1145 1154 1154
1148 1142 1145 1153
1148 1151 1143 1152
1149 1150 1144 1154
1151 1143 1151 1154
1151 1152 1155 1151
1151 1152 1164 1153
1151 1153 1163 1163
1151 1163 1157 1161
1152 1164 1164 1160
1153 1160 1163 1162
1153 1163 1162 1157
1153 1165 1165 1156
1155 1158 1156 1158
1156 1161 1161 1162
1157 1156 1159 1164
1157 1158 1164 1165
1158 1165 1165 1165
1159 1165 1153 1165
1160 1164 1162 1161
1161 1166 1163 1172
1162 1164 1165 1165
1163 1163 1171 1167
1163 1163 1175 1165
1163 1165 1170 1171
1163 1168 1161 1173
1163 1174 1168 1173
1165 1172 1172 1172
1165 1174 1172 1174
1167 1163 1171 1170
1167 1168 1174 1171
1168 1166 1171 1168
1168 1175 1164 1169
1169 1165 1164 1171
1170 1175 1172 1174
1171 1171 1180 1185
1171 1175 1177 1180
1171 1178 1180 1182
1171 1178 1182 1179
1171 1183 1184 1180
1171 1185 1184 1176
1172 1161 1168 1175
1172 1177 1181 1181
1172 1180 1180 1178
1174 1178 1182 1178
1175 1171 1177 1176
1177 1176 1174 1178
1178 1178 1173 1185
1180 1171 1184 1184
1180 1172 1178 1184
1181 1175 1185 1185
1181 1183 1190 1186
1181 1185 1195 1183
1181 1195 1186 1191
1182 1193 1193 1183
1182 1194 1185 1186
1183 1181 1193 1190
1183 1187 1187 1185
1184 1188 1181 1187
1184 1190 1184 1187
1184 1194 1182 1191
1185 1181 1187 1195
1185 1187 1183 1188
1186 1193 1192 1191
1190 1183 1187 1195
1191 1189 1185 1194
1193 1193 1204 1196
1193 1201 1192 1197
1194 1191 1204 1196
1194 1192 1191 1197
1194 1193 1205 1194
1195 1194 1192 1203
1195 1195 1203 1199
1195 1195 1204 1197
1197 1193 1191 1199
1198 1195 1200 1202
1199 1191 1203 1201
1201 1195 1197 1203
1201 1198 1195 1205
1201 1201 1209 1215
1201 1201 1211 1209
1201 1206 1214 1209
1202 1203 1197 1205
1202 1210 1207 1204
1203 1206 1203 1207
1204 1192 1193 1205
1204 1211 1214 1214
1205 1207 1210 1208
1205 1212 1208 1213
1205 1213 1208 1209
1205 1215 1214 1206
1206 1214 1208 1207
1207 1204 1215 1207
1207 1206 1212 1214
1208 1208 1212 1212
1211 1213 1209 1212
1211 1220 1211 1214
1212 1211 1224 1223
1212 1221 1211 1223
1212 1221 1212 1217
1213 1224 1217 1218
1213 1225 1222 1214
1214 1212 1212 1215
1214 1212 1219 1220
1214 1219 1217 1222
1214 1223 1221 1216
1216 1214 1221 1222
1218 1212 1213 1219
1218 1216 1215 1224
1221 1224 1232 1227
1221 1232 1234 1222
1222 1223 1211 1223
1222 1223 1223 1235
1222 1227 1226 1227
1223 1220 1225 1223
1223 1225 1233 1223
1223 1234 1224 1234
1224 1226 1235 1233
1224 1228 1222 1225
1224 1229 1223 1233
1224 1230 1228 1225
1226 1233 1221 1230
1226 1235 1231 1228
1227 1221 1226 1229
1227 1228 1223 1235
1231 1241 1235 1234
1231 1245 1231 1240
1232 1234 1243 1232
1232 1236 1235 1233
1233 1228 1227 1235
1233 1231 1235 1244
1233 1231 1244 1237
1233 1243 1242 1244
1234 1242 1240 1244
1235 1237 1231 1242
1235 1243 1231 1236
1237 1232 1245 1237
1237 1240 1240 1245
1237 1244 1244 1239
1239 1241 1231 1245
1241 1233 1235 1241
1241 1252 1252 1250
1241 1253 1241 1250
1242 1243 1255 1254
1242 1247 1255 1254
1242 1254 1243 1247
1243 1253 1254 1250
1244 1243 1253 1250
1245 1244 1246 1248
1247 1241 1255 1254
1247 1244 1242 1251
1247 1248 1248 1247
1248 1246 1246 1252
1248 1248 1255 1250
1249 1252 1252 1252
1249 1255 1254 1252
1251 1257 1255 1259
1251 1260 1260 1264
1252 1265 1262 1254
1253 1252 1253 1255
1253 1255 1252 1262
1253 1262 1260 1264
1254 1262 1255 1258
1255 1255 1265 1260
1255 1261 1251 1257
1256 1251 1251 1262
1256 1257 1262 1256
1256 1263 1265 1259
1257 1262 1252 1265
1257 1264 1253 1258
1259 1258 1263 1262
1261 1268 1262 1274
1262 1262 1274 1271
1262 1264 1265 1275
1262 1274 1266 1274
1263 1268 1268 1269
1264 1265 1269 1274
1264 1268 1267 1267
1264 1268 1270 1264
1265 1261 1272 1275
1265 1265 1263 1273
1266 1262 1262 1266
1266 1265 1273 1270
1268 1265 1270 1275
1269 1273 1263 1273
1271 1273 1272 1272
1271 1278 1277 1280
1271 1280 1274 1285
1271 1281 1280 1272
1272 1283 1277 1285
1273 1263 1265 1274
1273 1274 1271 1278
1273 1274 1276 1285
1273 1284 1274 1274
1274 1271 1280 1281
1274 1278 1275 1282
1275 1273 1280 1284
1275 1282 1278 1280
1278 1279 1284 1285
1279 1274 1283 1284
1279 1275 1277 1282
1281 1283 1290 1293
1281 1288 1288 1282
1281 1295 1289 1295
1282 1286 1290 1291
1282 1295 1290 1289
1283 1281 1281 1287
1283 1284 1282 1287
1284 1283 1295 1287
1284 1294 1285 1286
1286 1286 1281 1287
1286 1289 1287 1295
1291 1292 1291 1292
1291 1294 1281 1294
1292 1291 1293 1300
1293 1292 1298 1295
1293 1294 1297 1300
1293 1294 1304 1300
1293 1298 1302 1304
1293 1301 1303 1297
1294 1287 1290 1295
1294 1287 1294 1295
1294 1303 1294 1304
1295 1293 1303 1297
1296 1299 1304 1305
1296 1301 1299 1302
1297 1299 1296 1302
1297 1303 1305 1298
1298 1305 1303 1300
1301 1291 1298 1301
1301 1295 1299 1302
1301 1303 1302 1315
1301 1305 1311 1308
1302 1302 1313 1306
1302 1313 1314 1307
1303 1302 1301 1304
1303 1312 1313 1304
1304 1304 1310 1313
1304 1305 1307 1305
1304 1308 1303 1313
1304 1312 1315 1307
1305 1311 1308 1307
1308 1313 1313 1314
1309 1305 1314 1311
1309 1307 1313 1312
1309 1311 1306 1315
1311 1312 1322 1320
1311 1318 1317 1320
1311 1323 1313 1321
1312 1314 1314 1322
1312 1316 1321 1312
1312 1317 1316 1325
1312 1318 1325 1315
1314 1312 1315 1316
1314 1312 1322 1317
1314 1318 1321 1322
1314 1323 1315 1321
1315 1319 1319 1315
1317 1319 1316 1319
1321 1318 1324 1322
1321 1324 1329 1325
1322 1329 1323 1324
1322 1329 1326 1323
1323 1321 1327 1328
1323 1329 1323 1327
1323 1329 1329 1326
1324 1320 1322 1325
1324 1328 1323 1331
1325 1330 1326 1328
1326 1325 1332 1335
1327 1328 1332 1332
1329 1333 1328 1330
1330 1332 1335 1332
1331 1335 1334 1337
1331 1339 1342 1331
1332 1324 1321 1335
1332 1335 1331 1334
1334 1332 1331 1337
1334 1336 1335 1345
1334 1338 1343 1335
1334 1343 1331 1341
1335 1321 1334 1335
1335 1333 1343 1340
1335 1339 1341 1341
1336 1340 1335 1343
1336 1345 1332 1343
1338 1339 1339 1341
1338 1340 1345 1341
1339 1331 1342 1340
1339 1345 1336 1341
1341 1343 1341 1350
1341 1343 1344 1354
1341 1349 1344 1346
1342 1331 1331 1343
1342 1341 1341 1346
1343 1351 1342 1354
1343 1351 1346 1350
1345 1354 1344 1352
1346 1349 1342 1353
1347 1350 1351 1353
1348 1352 1354 1353
1349 1355 1355 1352
1350 1355 1352 1352
1351 1351 1355 1353
1351 1358 1355 1353
1351 1362 1356 1363
1351 1362 1359 1364
1351 1363 1355 1361
1352 1349 1346 1354
1352 1357 1352 1357
1352 1358 1357 1360
1353 1352 1365 1364
1353 1362 1365 1363
1354 1350 1344 1355
1354 1356 1363 1358
1355 1358 1356 1362
1356 1357 1356 1359
1356 1360 1363 1362
1359 1351 1361 1360
1359 1358 1357 1362
1360 1351 1356 1361
1361 1361 1365 1373
1361 1373 1363 1374
1361 1374 1371 1363
1363 1362 1365 1371
1364 1373 1362 1373
1366 1367 1366 1374
1366 1371 1365 1372
1367 1362 1372 1369
1367 1364 1374 1373
1368 1368 1364 1373
1368 1373 1371 1373
1369 1368 1365 1370
1369 1369 1373 1372
1371 1380 1385 1371
1371 1384 1380 1377
1372 1363 1366 1372
1372 1366 1369 1373
1372 1377 1376 1375
1373 1376 1384 1383
1373 1379 1377 1384
1373 1381 1381 1379
1375 1375 1382 1383
1377 1371 1374 1383
1377 1384 1371 1378
1378 1376 1374 1382
1378 1378 1375 1385
1378 1381 1385 1382
1379 1371 1383 1381
1379 1381 1385 1384
1382 1395 1382 1388
1383 1383 1394 1386
1383 1386 1387 1392
1384 1383 1385 1385
1384 1385 1383 1393
1384 1389 1390 1391
1384 1394 1385 1390
1384 1395 1381 1387
1386 1393 1385 1390
1387 1381 1388 1388
1387 1388 1381 1388
1387 1389 1392 1391
1387 1393 1388 1391
1390 1385 1392 1394
1390 1387 1387 1395
1391 1387 1395 1393
1391 1397 1396 1403
1392 1393 1400 1405
1392 1396 1403 1397
1393 1401 1396 1402
1393 1402 1393 1400
1394 1393 1403 1400
1396 1391 1404 1402
1398 1397 1392 1403
1398 1402 1403 1402
1399 1391 1391 1400
1399 1394 1401 1405
1401 1391 1396 1404
1401 1401 1414 1401
1401 1403 1412 1411
1401 1405 1401 1402
1401 1412 1404 1402
1401 1412 1408 1411
1401 1413 1403 1412
1402 1402 1406 1402
1402 1402 1406 1403
1403 1406 1408 1406
1404 1396 1400 1404
1405 1401 1402 1405
1405 1412 1401 1413
1406 1403 1407 1412
1406 1404 1402 1407
1406 1411 1401 1411
1407 1403 1414 1412
1407 1415 1404 1411
1412 1410 1405 1415
1412 1419 1411 1422
1412 1421 1422 1420
1413 1419 1412 1420
1413 1419 1418 1417
1414 1411 1416 1424
1414 1422 1425 1423
1415 1413 1424 1420
1416 1422 1411 1425
1417 1422 1418 1420
1418 1417 1412 1420
1418 1420 1419 1419
1420 1415 1411 1421
1421 1411 1422 1421
1421 1427 1431 1428
1422 1422 1429 1433
1422 1427 1424 1426
1422 1430 1422 1435
1423 1425 1434 1434
1423 1427 1428 1428
1423 1427 1433 1426
1424 1424 1425 1424
1424 1435 1421 1425
1425 1420 1423 1425
1425 1424 1422 1426
1426 1426 1429 1434
1426 1430 1422 1433
1427 1430 1434 1430
1429 1424 1428 1429
1429 1435 1435 1432
1431 1441 1445 1432
1431 1442 1433 1445
1431 1442 1443 1434
1432 1429 1428 1434
1432 1443 1431 1438
1433 1431 1443 1437
1433 1432 1440 1439
1434 1442 1438 1439
1434 1443 1438 1442
1436 1437 1432 1445
1436 1441 1433 1443
1436 1443 1445 1444
1437 1434 1437 1442
1438 1438 1433 1440
1440 1435 1443 1441
1440 1439 1445 1443
1442 1454 1454 1455
1442 1455 1449 1445
1442 1455 1451 1451
1445 1444 1441 1454
1446 1448 1441 1454
1446 1452 1453 1449
1446 1455 1444 1448
1447 1449 1441 1448
1447 1450 1449 1451
1448 1443 1441 1455
1449 1449 1448 1452
1450 1441 1455 1451
1450 1451 1452 1452
1451 1444 1454 1451
1451 1445 1453 1455
1451 1457 1458 1462
1452 1452 1462 1453
1452 1454 1453 1460
1452 1459 1460 1457
1452 1464 1459 1456
1453 1451 1452 1463
1453 1452 1455 1460
1454 1457 1463 1458
1454 1458 1462 1464
1454 1465 1451 1460
1456 1458 1456 1463
1457 1461 1465 1460
1458 1460 1453 1464
1461 1459 1465 1463
1461 1462 1457 1465
1462 1463 1461 1468
1462 1471 1472 1462
1462 1473 1474 1469
1463 1465 1467 1467
1463 1466 1472 1471
1463 1471 1468 1471
1463 1475 1465 1464
1464 1461 1465 1468
1464 1467 1461 1469
1464 1470 1474 1471
1467 1464 1463 1474
1468 1462 1471 1471
1471 1461 1469 1471
1471 1482 1474 1482
1472 1474 1466 1473
1473 1475 1485 1483
1473 1477 1478 1477
1473 1479 1481 1483
1474 1471 1474 1475
1475 1476 1476 1485
1476 1471 1482 1478
1476 1479 1485 1476
1477 1479 1471 1479
1478 1477 1477 1481
1479 1475 1476 1485
1480 1476 1473 1484
1480 1477 1480 1482
1480 1483 1476 1481
1481 1481 1487 1491
1481 1482 1473 1482
1481 1483 1489 1483
1481 1490 1494 1492
1481 1492 1489 1492
1482 1484 1485 1483
1483 1486 1485 1491
1483 1493 1483 1488
1484 1488 1491 1492
1485 1484 1489 1492
1485 1484 1491 1491
1487 1495 1482 1494
1488 1493 1488 1495
1489 1490 1494 1490
1490 1484 1486 1493
1490 1494 1490 1495
1491 1487 1495 1495
1491 1496 1497 1503
1491 1497 1501 1493
1491 1505 1504 1497
1492 1495 1500 1495
1492 1501 1492 1502
1492 1501 1501 1503
1492 1504 1492 1500
1493 1499 1501 1503
1494 1503 1492 1497
1496 1492 1496 1504
1496 1497 1505 1498
1497 1494 1503 1504
1497 1504 1500 1504
1498 1492 1504 1504
1501 1495 1495 1505
1501 1506 1515 1508
1501 1510 1513 1502
1502 1510 1508 1511
1502 1512 1504 1507
1502 1515 1504 1515
1503 1509 1506 1509
1505 1512 1509 1510
1508 1509 1504 1509
1509 1509 1512 1515
1509 1513 1503 1511
1510 1514 1513 1513
1510 1515 1503 1514
1511 1511 1525 1512
1511 1512 1525 1525
1511 1516 1525 1522
1511 1523 1520 1522
1512 1501 1503 1512
1512 1524 1518 1513
1513 1501 1507 1515
1513 1511 1508 1515
1513 1524 1516 1518
1515 1520 1512 1523
1517 1518 1512 1518
1517 1520 1524 1524
1518 1520 1523 1521
1519 1517 1521 1520
1519 1521 1515 1521
1519 1522 1512 1524
1521 1514 1520 1521
1521 1533 1527 1530
1522 1535 1529 1526
1524 1512 1511 1525
1525 1523 1521 1535
1525 1523 1530 1531
1525 1524 1521 1531
1525 1524 1526 1533
1526 1530 1526 1528
1526 1530 1529 1530
1527 1528 1531 1528
1528 1522 1522 1532
1528 1525 1533 1532
1528 1528 1530 1532
1528 1531 1524 1533
1530 1534 1530 1531
1531 1531 1536 1545
1531 1538 1532 1539
1531 1538 1544 1535
1532 1531 1542 1542
1532 1539 1540 1537
1532 1542 1544 1540
1532 1543 1543 1545
1533 1531 1536 1539
1533 1532 1527 1535
1533 1541 1534 1544
1535 1541 1542 1538
1536 1534 1531 1544
1538 1533 1542 1538
1539 1545 1544 1540
1540 1535 1539 1545
1542 1545 1549 1548
1542 1546 1542 1544
1543 1531 1537 1544
1543 1541 1547 1554
1543 1551 1544 1548
1543 1552 1553 1554
1543 1554 1555 1550
1545 1546 1551 1550
1546 1543 1551 1553
1549 1547 1545 1552
1549 1553 1550 1552
1550 1542 1552 1552
1551 1541 1552 1553
1552 1543 1550 1555
1552 1544 1546 1555
1552 1554 1556 1559
1552 1559 1557 1563
1553 1555 1558 1556
1553 1560 1558 1559
1553 1561 1554 1562
1553 1564 1557 1565
1553 1565 1558 1557
1554 1553 1543 1555
1554 1560 1562 1563
1554 1561 1564 1561
1555 1554 1554 1556
1555 1560 1557 1556
1555 1565 1556 1556
1556 1558 1553 1559
1559 1552 1564 1562
1561 1568 1565 1570
1562 1572 1570 1574
1562 1572 1572 1568
1563 1569 1568 1567
1564 1556 1562 1565
1564 1568 1570 1564
1565 1563 1564 1569
1566 1573 1565 1572
1567 1574 1574 1568
1568 1574 1574 1571
1569 1563 1567 1573
1569 1573 1575 1571
1570 1562 1574 1571
1570 1571 1575 1570
1571 1582 1577 1584
1572 1571 1561 1573
1572 1571 1584 1582
1572 1580 1574 1574
1572 1580 1580 1577
1573 1574 1572 1577
1574 1572 1570 1575
1574 1584 1573 1581
1574 1584 1573 1582
1576 1571 1577 1584
1577 1585 1585 1579
1578 1572 1573 1582
1578 1574 1580 1578
1578 1578 1572 1581
1580 1572 1584 1584
1581 1575 1581 1581
1581 1592 1591 1583
1582 1581 1589 1592
1582 1594 1588 1587
1583 1594 1593 1595
1584 1582 1584 1589
1584 1592 1586 1594
1585 1575 1577 1585
1585 1585 1590 1592
1586 1581 1587 1591
1586 1582 1588 1589
1587 1583 1588 1593
1587 1584 1591 1593
1589 1584 1587 1593
1589 1592 1592 1593
1591 1594 1602 1598
1591 1597 1597 1598
1591 1597 1601 1602
1591 1605 1592 1603
1592 1585 1586 1594
1592 1591 1584 1595
1592 1593 1600 1603
1592 1600 1593 1601
1593 1591 1594 1604
1593 1604 1598 1594
1594 1605 1593 1601
1596 1592 1600 1599
1596 1605 1595 1600
1598 1597 1604 1604
1598 1604 1597 1603
1601 1598 1602 1602
1601 1615 1613 1615
1602 1606 1605 1604
1602 1608 1601 1611
1602 1610 1605 1612
1603 1605 1591 1605
1603 1610 1608 1609
1604 1604 1613 1606
1605 1602 1611 1610
1605 1607 1608 1609
1605 1609 1606 1612
1605 1615 1611 1614
1606 1605 1602 1610
1606 1615 1608 1611
1607 1610 1612 1609
1608 1609 1609 1615
1611 1622 1620 1618
1612 1613 1603 1615
1612 1616 1625 1623
1612 1617 1611 1616
1614 1619 1616 1616
1614 1623 1612 1616
1614 1624 1622 1620
1616 1616 1612 1617
1617 1624 1620 1620
1620 1616 1623 1620
1620 1617 1619 1625
1620 1624 1616 1621
1621 1620 1624 1624
1621 1627 1624 1626
1622 1621 1634 1632
1622 1632 1629 1633
1622 1635 1629 1625
1623 1621 1615 1625
1623 1630 1625 1631
1624 1611 1621 1625
1624 1619 1621 1625
1624 1635 1627 1629
1625 1621 1631 1625
1625 1624 1633 1632
1626 1630 1622 1632
1626 1632 1634 1627
1627 1627 1621 1628
1628 1626 1634 1628
1628 1635 1630 1631
1631 1644 1634 1639
1633 1628 1624 1635
1633 1632 1635 1644
1633 1633 1644 1637
1633 1638 1645 1637
1633 1644 1634 1635
1634 1633 1632 1640
1634 1638 1633 1635
1634 1643 1638 1645
1635 1623 1630 1635
1635 1635 1641 1635
1637 1631 1632 1642
1637 1634 1641 1643
1637 1642 1645 1643
1640 1641 1643 1644
1641 1632 1639 1643
1641 1651 1642 1647
1641 1653 1650 1647
1641 1654 1654 1645
1642 1637 1631 1644
1642 1648 1645 1643
1642 1650 1646 1647
1642 1655 1645 1648
1643 1641 1655 1648
1643 1642 1641 1655
1643 1642 1646 1651
1643 1645 1653 1651
1644 1643 1646 1650
1644 1653 1645 1653
1648 1648 1649 1648
1649 1647 1642 1654
1649 1655 1645 1654
1651 1661 1665 1659
1652 1657 1658 1654
1652 1663 1655 1657
1653 1656 1664 1661
1655 1653 1652 1662
1655 1665 1663 1659
1656 1653 1660 1663
1656 1658 1663 1657
1657 1651 1658 1663
1657 1664 1652 1664
1658 1654 1657 1665
1658 1655 1661 1665
1658 1663 1657 1661
1660 1657 1653 1661
1661 1656 1660 1665
1661 1673 1663 1675
1662 1664 1662 1667
1662 1665 1661 1668
1662 1667 1666 1671
1662 1669 1663 1668
1662 1669 1675 1662
1662 1670 1669 1673
1664 1674 1665 1668
1665 1675 1672 1667
1666 1671 1674 1670
1667 1668 1665 1672
1667 1668 1666 1669
1667 1669 1664 1672
1670 1661 1669 1673
1671 1671 1674 1671
1671 1677 1681 1677
1671 1681 1676 1685
1672 1674 1677 1677
1672 1679 1682 1678
1673 1673 1673 1673
1673 1675 1678 1676
1673 1676 1676 1682
1673 1679 1685 1676
1674 1678 1685 1678
1675 1678 1681 1675
1677 1672 1680 1680
1678 1681 1674 1683
1680 1685 1679 1683
1681 1684 1680 1685
1682 1671 1679 1684
1682 1693 1687 1689
1683 1682 1684 1691
1684 1684 1686 1694
1685 1685 1691 1687
1685 1691 1695 1693
1686 1683 1695 1693
1686 1690 1683 1693
1687 1688 1693 1690
1687 1693 1690 1695
1688 1691 1685 1691
1689 1681 1687 1690
1691 1686 1691 1694
1691 1688 1683 1693
1691 1693 1700 1703
1691 1697 1697 1694
1692 1696 1705 1692
1692 1697 1695 1698
1692 1697 1704 1705
1693 1701 1705 1699
1694 1693 1693 1698
1694 1694 1694 1695
1694 1699 1695 1698
1694 1701 1699 1698
1694 1703 1693 1700
1694 1705 1691 1701
1695 1688 1692 1695
1695 1691 1698 1700
1697 1700 1703 1702
1699 1703 1693 1703
1701 1701 1708 1710
1701 1707 1705 1713
1701 1712 1704 1703
1701 1712 1711 1711
1702 1691 1700 1704
1702 1702 1701 1708
1703 1702 1711 1705
1703 1706 1708 1704
1703 1708 1701 1707
1703 1712 1707 1709
1705 1702 1701 1713
1706 1704 1715 1711
1707 1714 1702 1714
1710 1704 1714 1710
1710 1705 1709 1712
1711 1704 1714 1712
1711 1720 1719 1713
1711 1725 1716 1717
1712 1719 1713 1723
1712 1721 1724 1723
1713 1712 1721 1713
1713 1723 1723 1714
1714 1716 1719 1724
1714 1725 1712 1715
1715 1715 1719 1717
1715 1718 1715 1719
1717 1717 1717 1724
1717 1724 1719 1719
1719 1711 1724 1725
1721 1729 1732 1722
1721 1731 1722 1725
1722 1715 1720 1723
1722 1719 1721 1724
1722 1727 1734 1732
1722 1732 1721 1729
1722 1733 1732 1725
1724 1732 1730 1725
1725 1725 1731 1734
1725 1729 1735 1725
1726 1721 1726 1727
1726 1730 1726 1732
1726 1732 1731 1728
1727 1722 1732 1735
1727 1725 1721 1730
1730 1721 1732 1732
1731 1723 1730 1733
1731 1745 1739 1738
1732 1740 1742 1735
1734 1731 1744 1738
1735 1735 1739 1744
1735 1736 1733 1740
1736 1734 1734 1744
1736 1744 1734 1743
1737 1733 1731 1745
1737 1739 1744 1739
1739 1732 1739 1743
1739 1733 1743 1741
1739 1737 1735 1744
1741 1740 1733 1745
1741 1748 1752 1746
1741 1752 1745 1752
1742 1738 1740 1743
1742 1755 1745 1743
1743 1737 1735 1744
1743 1746 1753 1754
1744 1744 1745 1753
1744 1749 1748 1748
1744 1750 1747 1749
1744 1754 1746 1755
1744 1755 1751 1754
1746 1753 1750 1749
1746 1754 1751 1753
1747 1747 1752 1753
1747 1754 1750 1748
1748 1745 1745 1751
1749 1743 1754 1749
1751 1759 1759 1755
1751 1764 1762 1756
1752 1751 1764 1760
1752 1753 1757 1759
1753 1752 1758 1753
1753 1765 1763 1755
1754 1762 1755 1763
1754 1764 1752 1760
1755 1754 1760 1764
1755 1760 1764 1760
1756 1753 1760 1762
1756 1761 1753 1762
1757 1752 1753 1758
1758 1757 1753 1762
1761 1761 1772 1769
1761 1772 1768 1766
1762 1762 1763 1775
1762 1770 1764 1764
1762 1772 1772 1764
1763 1751 1755 1764
1763 1774 1766 1769
1764 1763 1764 1769
1764 1775 1775 1767
1766 1775 1767 1768
1768 1770 1771 1768
1771 1770 1771 1773
1771 1780 1782 1771
1771 1782 1772 1781
1771 1784 1785 1781
1772 1764 1765 1775
1772 1770 1768 1773
1773 1770 1771 1774
1773 1775 1775 1780
1773 1784 1772 1776
1774 1769 1773 1775
1774 1775 1773 1782
1774 1776 1779 1775
1774 1785 1778 1775
1776 1779 1780 1777
1776 1785 1778 1778
1777 1782 1774 1779
1778 1785 1784 1781
1780 1785 1778 1781
1780 1785 1784 1785
1782 1781 1789 1785
1782 1783 1771 1784
1782 1785 1793 1794
1782 1787 1790 1789
1782 1795 1784 1789
1783 1793 1782 1793
1785 1790 1781 1789
1787 1781 1789 1795
1787 1783 1793 1795
1787 1791 1782 1793
1788 1790 1790 1795
1788 1794 1795 1795
1789 1787 1792 1794
1789 1793 1783 1795
1791 1792 1800 1792
1791 1796 1793 1802
1791 1805 1797 1799
1792 1793 1793 1805
1793 1800 1802 1800
1794 1782 1782 1795
1794 1782 1784 1794
1794 1799 1793 1799
1795 1796 1802 1798
1797 1791 1795 1799
1798 1798 1803 1798
1800 1794 1795 1803
1800 1803 1797 1802
1800 1803 1805 1801
1801 1796 1792 1805
1801 1807 1802 1809
1801 1809 1801 1811
1801 1809 1815 1809
1801 1814 1805 1802
1801 1814 1809 1811
1802 1793 1799 1802
1802 1799 1805 1805
1803 1803 1801 1806
1803 1803 1807 1805
1804 1804 1803 1815
1804 1811 1806 1811
1805 1811 1809 1811
1806 1804 1807 1814
1808 1808 1806 1811
1809 1806 1808 1809
1810 1804 1813 1811
1811 1822 1825 1819
1811 1823 1811 1812
1812 1805 1808 1815
1812 1814 1819 1813
1812 1815 1823 1824
1812 1817 1814 1823
1812 1823 1825 1813
1815 1823 1823 1825
1817 1811 1821 1822
1817 1819 1824 1825
1817 1823 1817 1825
1817 1825 1822 1821
1818 1817 1817 1823
1819 1815 1824 1823
1820 1811 1818 1825
1820 1816 1818 1824
1821 1825 1822 1834
1821 1827 1822 1827
1822 1825 1832 1827
1822 1826 1826 1822
1822 1830 1824 1826
1823 1822 1824 1825
1824 1831 1830 1827
1825 1833 1823 1830
1827 1822 1826 1834
1828 1823 1825 1833
1828 1831 1821 1833
1828 1831 1829 1833
1830 1821 1834 1833
1831 1827 1834 1834
1832 1826 1829 1832
1832 1832 1834 1839
1832 1836 1844 1839
1832 1842 1845 1843
1832 1843 1835 1838
1833 1842 1843 1833
1834 1837 1839 1841
1834 1844 1835 1841
1836 1837 1837 1838
1837 1832 1843 1840
1837 1834 1842 1839
1838 1844 1831 1844
1840 1841 1832 1845
1841 1839 1831 1844
1841 1850 1848 1853
1842 1843 1842 1844
1842 1846 1847 1852
1842 1853 1854 1847
1843 1832 1842 1845
1843 1844 1841 1845
1843 1844 1852 1849
1843 1848 1846 1852
1843 1849 1846 1847
1843 1855 1842 1845
1845 1841 1846 1850
1845 1842 1843 1849
1845 1842 1846 1855
1846 1849 1850 1850
1846 1850 1848 1854
1847 1853 1850 1854
1850 1853 1841 1855
1852 1855 1856 1865
1852 1864 1855 1862
1853 1851 1853 1858
1853 1853 1859 1856
1853 1853 1860 1854
1853 1861 1856 1855
1855 1855 1863 1855
1855 1861 1856 1858
1855 1864 1853 1858
1856 1853 1854 1857
1857 1855 1863 1865
1858 1864 1865 1859
1859 1864 1864 1862
1859 1865 1864 1860
1861 1864 1861 1864
1861 1871 1874 1866
1861 1873 1873 1868
1862 1864 1864 1871
1862 1866 1861 1869
1862 1874 1862 1873
1863 1865 1867 1868
1863 1866 1867 1875
1864 1868 1865 1866
1865 1875 1872 1874
1866 1861 1865 1869
1866 1870 1874 1874
1866 1872 1875 1874
1866 1873 1867 1870
1867 1866 1862 1874
1867 1870 1873 1867
1871 1883 1880 1885
1872 1871 1881 1874
1872 1879 1871 1882
1872 1879 1878 1881
1873 1881 1877 1878
1875 1883 1874 1880
1876 1873 1876 1881
1876 1876 1871 1883
1877 1878 1884 1878
1878 1872 1877 1878
1878 1875 1879 1882
1878 1884 1885 1885
1879 1874 1884 1879
1879 1876 1877 1879
1880 1872 1875 1884
1881 1885 1890 1888
1881 1886 1884 1886
1881 1894 1891 1895
1883 1894 1886 1884
1884 1886 1888 1895
1884 1887 1893 1888
1885 1890 1884 1895
1885 1895 1881 1892
1886 1882 1894 1892
1886 1884 1881 1889
1887 1883 1891 1887
1888 1885 1886 1890
1888 1893 1885 1891
1889 1892 1886 1893
1891 1893 1902 1895
1892 1900 1891 1903
1892 1900 1902 1894
1893 1888 1888 1895
1893 1899 1894 1901
1894 1897 1905 1894
1895 1893 1904 1905
1895 1898 1894 1905
1895 1905 1904 1902
1896 1894 1897 1896
1897 1903 1894 1901
1897 1904 1897 1903
1897 1904 1899 1905
1901 1897 1902 1902
1901 1909 1905 1912
1901 1914 1908 1907
1902 1903 1905 1902
1903 1913 1903 1914
1903 1913 1911 1914
1904 1901 1901 1904
1904 1903 1907 1908
1904 1913 1910 1906
1904 1914 1915 1904
1905 1905 1911 1914
1908 1913 1901 1911
1908 1914 1907 1910
1908 1915 1905 1913
1909 1910 1910 1912
1909 1911 1904 1913
1910 1914 1908 1915
1912 1917 1921 1912
1913 1904 1909 1914
1913 1911 1913 1913
1913 1914 1912 1921
1913 1919 1917 1919
1914 1911 1914 1920
1914 1916 1914 1920
1915 1920 1918 1922
1915 1925 1923 1921
1916 1911 1912 1922
1916 1916 1911 1918
1916 1925 1916 1925
1917 1923 1925 1924
1920 1917 1922 1923
1921 1921 1928 1934
1921 1928 1934 1927
1921 1935 1934 1925
1922 1911 1918 1923
1922 1924 1929 1924
1922 1925 1935 1927
1922 1931 1925 1933
1923 1922 1924 1923
1923 1923 1934 1932
1923 1924 1932 1927
1924 1928 1922 1935
1925 1921 1935 1925
1925 1923 1933 1932
1925 1926 1927 1929
1928 1923 1926 1931
1929 1924 1929 1929
1930 1929 1935 1934
1931 1931 1931 1936
1931 1945 1936 1935
1932 1935 1935 1940
1932 1939 1937 1935
1932 1943 1945 1941
1932 1944 1931 1939
1932 1944 1941 1935
1934 1936 1940 1943
1934 1938 1934 1941
1935 1933 1931 1945
1936 1934 1932 1940
1937 1932 1935 1940
1937 1935 1939 1943
1941 1931 1945 1943
1942 1949 1947 1952
1943 1942 1933 1944
1943 1949 1946 1944
1944 1942 1951 1952
1945 1941 1947 1945
1945 1942 1954 1952
1945 1946 1944 1955
1945 1955 1953 1949
1946 1949 1952 1947
1946 1950 1942 1952
1947 1941 1954 1947
1949 1942 1954 1950
1949 1945 1943 1954
1950 1942 1948 1951
1951 1948 1951 1955
1951 1955 1955 1954
1951 1957 1965 1956
1951 1959 1964 1959
1951 1965 1961 1961
1952 1952 1953 1964
1952 1960 1954 1963
1953 1941 1950 1953
1953 1951 1952 1958
1954 1951 1959 1958
1954 1964 1959 1959
1955 1955 1956 1956
1957 1960 1961 1960
1961 1951 1953 1965
1961 1962 1955 1965
1961 1964 1974 1964
1961 1975 1972 1968
1963 1952 1956 1963
1964 1951 1959 1965
1964 1965 1975 1965
1964 1968 1964 1970
1964 1971 1972 1975
1966 1963 1961 1975
1966 1964 1970 1966
1966 1975 1975 1970
1968 1961 1972 1969
1968 1962 1975 1974
1968 1964 1964 1969
1968 1968 1975 1971
1968 1973 1965 1973
1969 1966 1961 1971
1969 1973 1964 1971
1971 1976 1981 1979
1971 1977 1973 1976
1971 1978 1974 1977
1972 1971 1974 1983
1972 1980 1981 1981
1972 1982 1974 1983
1972 1982 1983 1973
1973 1984 1977 1975
1975 1978 1978 1980
1975 1979 1981 1983
1977 1977 1980 1983
1977 1982 1974 1984
1978 1980 1971 1983
1979 1972 1979 1982
1981 1986 1992 1981
1981 1988 1993 1988
1981 1991 1995 1988
1982 1974 1980 1984
1982 1984 1988 1995
1982 1989 1981 1988
1982 1989 1988 1992
1982 1989 1992 1994
1983 1992 1985 1991
1983 1993 1995 1990
1983 1995 1987 1988
1985 1982 1989 1995
1986 1985 1993 1990
1988 1992 1995 1992
1990 1991 1991 1994
1991 1981 1983 1993
1991 1991 2005 1991
1991 1997 2004 2000
1991 2001 1992 2005
1991 2001 1996 1993
1991 2005 2003 2005
1992 1993 1995 2000
1993 2004 1996 2001
1993 2004 2004 2003
1994 1996 2003 1996
1996 1996 2001 2000
1996 2000 2005 2002
1997 2001 2000 2003
1998 1994 1995 2001
1999 1993 2005 2004
2002 2005 2014 2008
2003 1993 2000 2005
2003 2006 2002 2013
2003 2013 2009 2012
2004 2008 2009 2014
2004 2012 2007 2006
2004 2013 2011 2011
2005 2010 2008 2015
2006 2010 2006 2012
2007 2003 2013 2008
2007 2010 2011 2013
2008 2001 2001 2013
2008 2008 2003 2012
2008 2010 2003 2012
2011 2002 2004 2015
2011 2014 2022 2025
2011 2018 2020 2019
2011 2019 2015 2024
2011 2020 2022 2023
2011 2020 2023 2020
2011 2021 2023 2019
2012 2014 2025 2024
2012 2017 2014 2017
2013 2010 2004 2014
2013 2015 2018 2023
2013 2024 2024 2014
2014 2014 2018 2023
2014 2019 2020 2015
2015 2024 2014 2020
2017 2021 2025 2018
2020 2025 2011 2024
2022 2022 2021 2033
2023 2032 2025 2035
2023 2035 2023 2031
2024 2021 2026 2026
2025 2026 2022 2033
2025 2026 2027 2035
2025 2027 2022 2031
2025 2029 2033 2029
2026 2032 2032 2035
2026 2032 2035 2035
2028 2026 2029 2033
2029 2023 2021 2031
2029 2025 2022 2035
2030 2032 2023 2034
2031 2031 2031 2033
2031 2033 2040 2040
2031 2039 2033 2039
2032 2031 2040 2043
2032 2043 2044 2040
2033 2032 2032 2039
2033 2034 2031 2040
2034 2044 2037 2043
2035 2034 2040 2036
2036 2040 2039 2038
2036 2043 2038 2043
2037 2038 2032 2045
2038 2040 2031 2043
2039 2042 2036 2045
2040 2045 2041 2043
2041 2043 2041 2055
2042 2044 2033 2044
2042 2046 2048 2046
2042 2050 2041 2043
2042 2052 2053 2045
2043 2047 2054 2051
2043 2051 2054 2052
2044 2043 2046 2047
2044 2045 2048 2046
2045 2042 2043 2050
2046 2051 2042 2055
2048 2042 2051 2053
2049 2048 2049 2054
2051 2047 2044 2054
2052 2052 2043 2055
2052 2059 2052 2054
2052 2061 2051 2060
2053 2051 2054 2055
2053 2065 2055 2063
2054 2055 2059 2055
2055 2051 2064 2060
2055 2055 2061 2064
2055 2065 2052 2059
2056 2064 2052 2061
2057 2062 2059 2063
2058 2060 2054 2062
2059 2053 2060 2061
2060 2065 2065 2061
2061 2056 2052 2065
2061 2057 2063 2062
2061 2068 2068 2071
2062 2059 2057 2063
2062 2063 2070 2065
2062 2072 2068 2075
2063 2073 2068 2071
2064 2068 2065 2070
2064 2070 2075 2073
2066 2062 2074 2068
2066 2070 2064 2074
2066 2072 2071 2075
2067 2066 2061 2069
2068 2062 2067 2068
2068 2074 2073 2069
2071 2073 2083 2072
2071 2077 2085 2078
2071 2082 2085 2078
2072 2071 2083 2081
2072 2074 2079 2082
2073 2069 2075 2073
2073 2073 2065 2074
2073 2076 2075 2079
2073 2084 2078 2083
2074 2067 2065 2075
2076 2080 2082 2077
2077 2084 2084 2080
2078 2083 2084 2078
2079 2078 2084 2082
2079 2085 2085 2080
2080 2076 2085 2081
2081 2076 2078 2081
2081 2084 2084 2093
2081 2089 2091 2087
2082 2093 2092 2093
2083 2081 2088 2090
2083 2084 2091 2089
2083 2085 2075 2084
2083 2089 2087 2085
2084 2083 2082 2093
2084 2089 2092 2087
2084 2095 2088 2090
2085 2086 2083 2086
2086 2093 2086 2093
2087 2089 2091 2088
2088 2082 2085 2095
2088 2089 2084 2092
2089 2088 2087 2094
2092 2092 2105 2097
2092 2097 2094 2096
2092 2100 2099 2104
2092 2103 2102 2102
2093 2091 2094 2094
2093 2096 2098 2099
2094 2092 2098 2103
2094 2100 2101 2095
2095 2095 2092 2101
2096 2101 2096 2105
2096 2102 2092 2103
2098 2095 2105 2105
2098 2103 2100 2100
2099 2093 2095 2100
2101 2114 2115 2111
2102 2102 2104 2105
2102 2105 2105 2103
2102 2110 2107 2109
2103 2105 2115 2105
2103 2111 2113 2106
2103 2112 2104 2104
2103 2113 2109 2109
2104 2112 2107 2106
2104 2115 2113 2112
2105 2108 2106 2108
2106 2115 2105 2107
2109 2114 2113 2113
2110 2105 2103 2114
2111 2111 2106 2112
2112 2104 2103 2114
2112 2111 2124 2121
2113 2113 2124 2124
2113 2124 2114 2120
2114 2111 2117 2119
2116 2115 2113 2118
2116 2117 2121 2120
2116 2121 2115 2119
2117 2114 2119 2124
2118 2120 2116 2120
2118 2123 2120 2125
2119 2111 2114 2119
2120 2114 2114 2123
2120 2123 2123 2124
2120 2124 2115 2123
2121 2123 2132 2124
2121 2127 2121 2122
2121 2129 2122 2126
2121 2130 2128 2127
2122 2128 2134 2130
2123 2123 2115 2124
2124 2134 2129 2125
2127 2124 2133 2134
2128 2125 2125 2130
2128 2132 2128 2132
2128 2135 2129 2132
2129 2123 2134 2132
2129 2129 2128 2133
2131 2122 2132 2131
2131 2139 2131 2140
2131 2144 2132 2135
2132 2128 2135 2134
2132 2142 2143 2145
2133 2127 2134 2134
2133 2131 2139 2133
2133 2134 2139 2137
2133 2141 2141 2133
2134 2131 2144 2144
2134 2132 2135 2136
2135 2135 2140 2143
2136 2143 2136 2137
2137 2145 2143 2144
2138 2145 2139 2145
2139 2132 2138 2143
2142 2141 2144 2147
2142 2144 2155 2142
2142 2150 2152 2144
2142 2152 2148 2144
2142 2155 2142 2154
2143 2134 2143 2144
2143 2142 2143 2147
2143 2148 2149 2146
2145 2131 2140 2145
2145 2145 2141 2149
2146 2141 2154 2146
2147 2144 2149 2153
2148 2141 2147 2155
2148 2143 2154 2152
2148 2144 2143 2151
2151 2142 2145 2155
2151 2155 2153 2154
2151 2160 2164 2151
2152 2143 2147 2152
2152 2156 2165 2155
2152 2165 2165 2163
2153 2163 2164 2161
2154 2151 2153 2161
2154 2151 2164 2161
2154 2153 2153 2165
2157 2156 2153 2162
2159 2155 2164 2159
2160 2158 2154 2164
2160 2159 2159 2165
2160 2161 2165 2161
2161 2169 2163 2167
2161 2175 2163 2172
2162 2163 2162 2164
2163 2151 2153 2165
2163 2164 2174 2165
2163 2172 2163 2168
2164 2175 2163 2173
2165 2171 2169 2166
2166 2164 2165 2175
2166 2164 2175 2172
2166 2166 2175 2167
2167 2169 2166 2173
2168 2174 2167 2174
2169 2162 2161 2172
2170 2169 2165 2171
2170 2174 2172 2171
2171 2166 2165 2172
2171 2172 2183 2174
2171 2175 2178 2183
2171 2184 2178 2176
2172 2173 2177 2182
2172 2181 2174 2174
2173 2183 2172 2177
2173 2183 2182 2177
2175 2176 2172 2179
2176 2174 2183 2181
2176 2183 2176 2178
2176 2185 2185 2177
2177 2175 2171 2184
2179 2184 2182 2185
2181 2191 2186 2190
2182 2188 2184 2193
2183 2181 2182 2184
2183 2181 2184 2184
2183 2182 2183 2193
2183 2185 2195 2183
2183 2195 2194 2185
2184 2171 2185 2185
2184 2192 2181 2186
2185 2195 2183 2193
2186 2182 2182 2192
2186 2184 2186 2191
2186 2195 2184 2192
2187 2189 2189 2194
2188 2183 2187 2193
2188 2185 2191 2195
2191 2191 2191 2200
2191 2201 2196 2201
2192 2192 2205 2193
2192 2194 2184 2193
2192 2195 2191 2196
2193 2202 2194 2205
2194 2191 2193 2199
2195 2198 2200 2196
2196 2193 2192 2200
2196 2201 2200 2199
2196 2204 2192 2199
2198 2191 2200 2204
2198 2200 2202 2204
2198 2203 2198 2199
2199 2201 2203 2201
2202 2208 2207 2213
2202 2214 2204 2203
2203 2192 2197 2205
2203 2201 2204 2205
2203 2201 2210 2206
2203 2202 2204 2203
2203 2210 2212 2207
2204 2207 2204 2209
2205 2202 2214 2209
2205 2204 2214 2215
2205 2213 2210 2215
2205 2214 2213 2212
2206 2206 2212 2207
2207 2210 2205 2213
2209 2205 2213 2211
2209 2212 2206 2210
2211 2212 2211 2217
2211 2212 2213 2222
2211 2212 2220 2220
2212 2218 2221 2221
2213 2211 2220 2215
2213 2217 2217 2215
2213 2217 2220 2215
2213 2225 2214 2214
2214 2223 2212 2220
2216 2214 2222 2217
2218 2212 2219 2219
2218 2214 2213 2224
2218 2215 2221 2224
2218 2220 2218 2222
2218 2225 2214 2225
2221 2221 2225 2227
2221 2229 2226 2226
2221 2232 2223 2226
2222 2231 2223 2227
2223 2221 2235 2233
2225 2221 2228 2225
2226 2223 2231 2234
2226 2230 2224 2231
2226 2231 2229 2235
2228 2222 2233 2229
2228 2222 2233 2234
2228 2233 2221 2231
2230 2223 2227 2234
2231 2231 2243 2236
2231 2232 2222 2234
2231 2241 2232 2243
2231 2241 2242 2231
2232 2244 2238 2242
2233 2234 2234 2234
2233 2245 2233 2236
2234 2233 2241 2242
2234 2237 2238 2240
2236 2244 2232 2242
2238 2239 2238 2240
2239 2232 2235 2244
2239 2240 2243 2240
2239 2242 2240 2243
2239 2243 2244 2245
2241 2238 2236 2244
2241 2242 2250 2241
2241 2253 2247 2250
2242 2239 2234 2245
2244 2250 2254 2252
2245 2243 2251 2249
2245 2250 2245 2246
2245 2252 2249 2255
2245 2255 2253 2251
2246 2245 2241 2249
2246 2249 2255 2254
2248 2241 2253 2252
2251 2241 2252 2251
2251 2262 2257 2255
2251 2262 2265 2256
2251 2264 2257 2255
2252 2245 2251 2255
2252 2253 2262 2256
2252 2258 2256 2260
2252 2259 2256 2265
2253 2244 2247 2255
2253 2249 2241 2254
2253 2254 2261 2263
2253 2261 2265 2255
2253 2263 2265 2258
2254 2246 2251 2255
2255 2253 2254 2257
2255 2259 2258 2260
2258 2251 2261 2261
2258 2253 2254 2264
2258 2255 2258 2265
2261 2271 2268 2262
2262 2260 2260 2264
2262 2270 2261 2267
2262 2272 2274 2264
2263 2267 2261 2265
2264 2262 2263 2267
2264 2263 2267 2271
2265 2265 2264 2270
2265 2266 2261 2272
2265 2270 2263 2269
2266 2267 2263 2269
2267 2264 2261 2271
2270 2261 2275 2272
2270 2263 2270 2272
2270 2268 2261 2275
2270 2272 2263 2275
2272 2275 2274 2282
2273 2275 2285 2273
2273 2276 2283 2275
2273 2278 2275 2278
2273 2278 2279 2279
2273 2280 2278 2276
2273 2280 2284 2281
2278 2282 2276 2285
2279 2276 2274 2283
2279 2280 2277 2285
2279 2281 2282 2282
2280 2274 2278 2282
2281 2276 2284 2285
2281 2281 2281 2283
2281 2281 2291 2295
2281 2285 2281 2283
2282 2295 2285 2289
2282 2295 2291 2295
2282 2295 2293 2288
2283 2283 2293 2283
2283 2284 2281 2284
2284 2275 2279 2285
2286 2295 2285 2293
2288 2290 2286 2294
2289 2281 2295 2294
2289 2288 2294 2292
2289 2293 2295 2291
2290 2281 2290 2295
2290 2281 2293 2292
2290 2281 2293 2295
2291 2291 2296 2298
2292 2303 2291 2296
2292 2304 2296 2293
2293 2297 2304 2303
2293 2302 2294 2300
2293 2304 2293 2303
2294 2295 2291 2298
2294 2295 2303 2299
2295 2295 2293 2300
2296 2292 2294 2305
2296 2294 2305 2304
2297 2304 2303 2300
2300 2304 2302 2305
2301 2294 2304 2305
2301 2312 2310 2303
2302 2302 2306 2302
2302 2304 2306 2310
2302 2305 2295 2305
2302 2310 2307 2305
2303 2312 2302 2309
2303 2312 2306 2312
2304 2302 2302 2315
2304 2314 2301 2306
2305 2301 2305 2313
2305 2301 2312 2305
2305 2305 2312 2308
2305 2308 2309 2311
2305 2315 2311 2311
2309 2312 2301 2310
2310 2314 2312 2314
2311 2314 2323 2325
2312 2312 2311 2313
2312 2316 2320 2321
2312 2317 2317 2315
2313 2317 2314 2324
2313 2318 2325 2317
2313 2321 2311 2316
2313 2323 2314 2319
2314 2312 2325 2314
2314 2316 2321 2316
2315 2321 2319 2319
2318 2316 2322 2323
2320 2322 2315 2321
2321 2329 2330 2331
2321 2330 2326 2329
2321 2331 2322 2333
2322 2314 2319 2322
2322 2315 2313 2323
2322 2321 2327 2324
2324 2321 2327 2326
2324 2326 2332 2324
2325 2333 2323 2326
2326 2325 2332 2328
2327 2331 2329 2334
2327 2333 2330 2328
2327 2335 2327 2331
2328 2335 2324 2333
2330 2321 2333 2331
2331 2321 2327 2331
2331 2333 2331 2341
2331 2343 2339 2344
2332 2339 2339 2336
2333 2331 2338 2344
2333 2331 2339 2337
2333 2345 2334 2345
2334 2325 2329 2335
2336 2342 2339 2339
2337 2338 2340 2339
2337 2343 2344 2337
2338 2332 2339 2344
2339 2343 2342 2341
2340 2345 2334 2345
2341 2346 2352 2353
2341 2351 2355 2342
2341 2353 2353 2355
2342 2331 2338 2343
2342 2341 2349 2350
2342 2345 2343 2353
2343 2346 2343 2347
2344 2339 2335 2345
2344 2346 2355 2349
2344 2350 2342 2345
2344 2354 2342 2345
2345 2334 2345 2345
2346 2349 2342 2354
2348 2344 2355 2348
2348 2346 2355 2354
2349 2348 2348 2354
2351 2346 2349 2354
2352 2352 2363 2359
2352 2354 2361 2362
2352 2355 2357 2363
2352 2356 2357 2362
2352 2364 2359 2354
2353 2343 2355 2353
2353 2363 2351 2357
2354 2358 2360 2363
2356 2357 2363 2364
2357 2354 2365 2359
2357 2357 2351 2364
2358 2360 2365 2359
2359 2361 2358 2364
2360 2362 2361 2365
2361 2361 2372 2371
2361 2363 2364 2371
2361 2366 2368 2372
2361 2369 2365 2363
2362 2359 2356 2364
2362 2364 2356 2363
2362 2373 2373 2368
2363 2363 2364 2372
2363 2375 2367 2369
2365 2362 2366 2373
2365 2366 2369 2368
2367 2364 2362 2375
2368 2367 2373 2368
2370 2363 2368 2374
2370 2365 2370 2371
2371 2369 2375 2371
2371 2379 2371 2379
2371 2380 2380 2381
2371 2380 2382 2372
2371 2384 2373 2385
2372 2372 2383 2375
2372 2384 2379 2385
2373 2368 2373 2375
2373 2377 2377 2375
2375 2377 2371 2377
2375 2380 2374 2383
2375 2384 2376 2377
2376 2371 2371 2385
2376 2376 2375 2380
2377 2374 2376 2383
2377 2383 2380 2384
2381 2391 2387 2386
2382 2380 2380 2385
2382 2382 2386 2395
2382 2391 2386 2383
2383 2391 2392 2389
2383 2393 2385 2387
2383 2395 2391 2394
2385 2387 2391 2394
2386 2381 2391 2395
2386 2381 2395 2394
2386 2382 2391 2394
2386 2394 2385 2388
2388 2382 2383 2391
2389 2387 2394 2393
2390 2387 2381 2391
2390 2389 2386 2394
2391 2405 2400 2396
2392 2401 2401 2397
2392 2404 2397 2401
2394 2396 2395 2403
2394 2405 2391 2403
2395 2399 2402 2399
2395 2399 2404 2404
2395 2402 2397 2403
2396 2394 2399 2396
2397 2400 2403 2401
2397 2400 2404 2401
2398 2394 2401 2401
2399 2402 2396 2405
2400 2402 2397 2404
2401 2392 2395 2403
2401 2404 2407 2413
2401 2411 2410 2410
2403 2402 2413 2406
2403 2403 2406 2403
2404 2412 2411 2414
2405 2401 2401 2410
2405 2406 2403 2409
2405 2414 2402 2413
2406 2415 2405 2412
2407 2410 2404 2414
2407 2412 2414 2413
2407 2415 2408 2411
2410 2405 2410 2415
2411 2407 2407 2412
2411 2412 2419 2423
2411 2416 2412 2423
2412 2412 2415 2414
2412 2422 2420 2413
2413 2411 2418 2424
2413 2412 2409 2414
2413 2413 2423 2420
2413 2414 2421 2413
2414 2420 2411 2417
2414 2425 2420 2417
2415 2415 2422 2418
2416 2423 2424 2421
2417 2411 2414 2417
2419 2413 2414 2423
2420 2425 2423 2424
2421 2422 2423 2431
2421 2423 2424 2427
2421 2432 2424 2424
2421 2432 2432 2425
2422 2421 2432 2430
2422 2424 2419 2425
2423 2423 2426 2430
2424 2428 2434 2427
2424 2430 2421 2425
2424 2435 2432 2435
2425 2422 2429 2431
2425 2432 2432 2434
2425 2432 2433 2428
2428 2422 2426 2429
2428 2426 2431 2429
2430 2431 2424 2432
2431 2440 2433 2442
2431 2443 2440 2435
2432 2440 2443 2432
2433 2435 2440 2442
2433 2444 2437 2439
2434 2433 2439 2445
2434 2436 2432 2442
2434 2444 2433 2435
2435 2438 2441 2439
2435 2440 2431 2441
2435 2440 2434 2442
2436 2431 2443 2440
2438 2440 2431 2443
2439 2440 2431 2445
2441 2442 2444 2442
2441 2443 2448 2441
2441 2443 2448 2445
2441 2446 2444 2443
2441 2451 2444 2446
2442 2436 2437 2444
2442 2445 2454 2454
2442 2455 2446 2454
2443 2451 2447 2447
2445 2445 2453 2445
2445 2448 2449 2445
2447 2443 2449 2448
2447 2451 2451 2448
2447 2451 2454 2453
2447 2453 2448 2448
2450 2452 2447 2453
2451 2451 2455 2461
2453 2452 2460 2455
2453 2453 2461 2460
2453 2462 2453 2455
2454 2454 2457 2463
2454 2456 2455 2456
2454 2460 2454 2459
2455 2451 2452 2456
2455 2454 2458 2462
2455 2459 2456 2459
2455 2464 2451 2456
2460 2457 2464 2460
2460 2458 2452 2464
2461 2457 2463 2464
2461 2468 2470 2468
2461 2470 2466 2464
2461 2471 2471 2469
2462 2454 2460 2463
2462 2462 2470 2472
2462 2463 2474 2467
2462 2465 2465 2466
2462 2472 2465 2472
2463 2466 2469 2471
2464 2465 2464 2468
2465 2465 2466 2470
2466 2471 2474 2469
2466 2475 2461 2471
2468 2470 2475 2471
2469 2469 2462 2472
2471 2472 2482 2480
2471 2475 2479 2484
2471 2478 2481 2476
2471 2480 2482 2483
2473 2463 2475 2473
2473 2482 2477 2479
2475 2485 2484 2485
2476 2472 2481 2476
2477 2485 2483 2480
2478 2474 2476 2482
2478 2475 2479 2481
2479 2482 2483 2481
2479 2483 2477 2485
2479 2484 2474 2481
2481 2476 2475 2482
2481 2483 2494 2489
2481 2492 2482 2491
2483 2473 2474 2484
2483 2493 2495 2490
2484 2487 2490 2493
2484 2494 2491 2490
2485 2484 2481 2487
2485 2492 2492 2485
2486 2486 2482 2489
2488 2483 2485 2488
2490 2483 2489 2493
2491 2481 2487 2494
2491 2496 2502 2500
2491 2500 2491 2497
2492 2483 2494 2492
2492 2505 2505 2496
2493 2482 2489 2493
2493 2503 2498 2503
2494 2483 2495 2495
2494 2494 2481 2495
2494 2494 2493 2498
2495 2503 2497 2502
2497 2495 2497 2498
2497 2500 2493 2505
2498 2495 2494 2500
2498 2498 2499 2503
2498 2499 2496 2502
2499 2498 2495 2500
2501 2501 2514 2506
2501 2504 2500 2503
2501 2513 2513 2515
2501 2514 2502 2513
2502 2497 2501 2502
2502 2506 2502 2508
2502 2508 2515 2503
2503 2499 2500 2503
2504 2512 2512 2514
2504 2514 2507 2505
2504 2515 2511 2510
2505 2503 2515 2509
2507 2515 2515 2510
2508 2503 2501 2514
2508 2512 2514 2508
2509 2515 2504 2513
2510 2511 2509 2511
2510 2515 2513 2513
2512 2513 2520 2513
2512 2520 2520 2524
2514 2523 2525 2514
2515 2513 2515 2520
2516 2516 2513 2523
2516 2519 2515 2521
2517 2525 2524 2520
2518 2513 2524 2519
2518 2522 2515 2522
2519 2513 2512 2523
2519 2525 2517 2525
2520 2521 2518 2521
2521 2528 2525 2533
2522 2524 2511 2523
2523 2523 2523 2535
2523 2524 2523 2525
2523 2527 2531 2528
2523 2530 2525 2533
2524 2515 2518 2525
2524 2524 2525 2525
2524 2529 2523 2526
2525 2528 2530 2525
2527 2533 2535 2529
2529 2534 2525 2532
2529 2535 2521 2533
2530 2523 2522 2531
2531 2534 2533 2533
2531 2534 2533 2542
2532 2542 2544 2542
2533 2522 2529 2535
2533 2524 2521 2534
2533 2526 2527 2533
2533 2544 2544 2537
2534 2533 2531 2537
2534 2534 2536 2534
2534 2537 2531 2540
2534 2539 2532 2544
2535 2540 2534 2538
2535 2541 2545 2542
2536 2544 2535 2542
2537 2535 2536 2544
2537 2537 2534 2538
2537 2537 2538 2540
2539 2534 2531 2542
2541 2543 2541 2553
2542 2539 2542 2545
2542 2543 2549 2546
2542 2548 2554 2551
2543 2542 2554 2550
2543 2553 2542 2553
2544 2548 2549 2546
2544 2554 2541 2547
2544 2555 2543 2551
2545 2545 2555 2553
2545 2548 2548 2546
2546 2545 2549 2552
2546 2552 2546 2555
2547 2549 2542 2552
2548 2548 2549 2553
2550 2546 2545 2553
2552 2551 2555 2560
2553 2556 2553 2563
2553 2561 2551 2565
2554 2558 2554 2562
2555 2560 2561 2555
2555 2561 2556 2565
2555 2562 2560 2556
2555 2565 2551 2556
2556 2554 2560 2562
2556 2560 2565 2556
2558 2563 2555 2561
2558 2564 2551 2564
2560 2560 2557 2561
2560 2565 2562 2563
2561 2566 2569 2566
2562 2572 2563 2570
2563 2572 2564 2569
2564 2558 2559 2564
2564 2561 2569 2569
2564 2562 2567 2565
2564 2573 2575 2566
2565 2565 2568 2567
2565 2572 2570 2566
2566 2569 2568 2575
2566 2570 2572 2573
2567 2567 2567 2569
2569 2570 2575 2569
2570 2568 2562 2573
2571 2574 2573 2573
2571 2576 2572 2585
2571 2581 2584 2577
2572 2572 2569 2575
2573 2578 2571 2584
2573 2585 2585 2573
2574 2574 2582 2581
2574 2585 2580 2582
2575 2580 2574 2584
2576 2574 2575 2580
2576 2578 2576 2579
2577 2577 2571 2582
2578 2584 2577 2584
2579 2574 2585 2582
2580 2580 2581 2584
2581 2578 2577 2584
2581 2588 2589 2591
2582 2582 2577 2585
2582 2583 2590 2583
2582 2587 2595 2586
2582 2588 2586 2592
2582 2593 2585 2590
2583 2582 2585 2586
2583 2583 2587 2590
2583 2595 2593 2584
2585 2591 2590 2593
2586 2582 2586 2591
2587 2586 2582 2590
2587 2595 2582 2590
2589 2595 2582 2591
2590 2588 2594 2595
2591 2591 2601 2592
2592 2587 2587 2593
2592 2592 2591 2598
2592 2600 2593 2600
2592 2602 2593 2605
2594 2592 2594 2600
2595 2596 2592 2602
2595 2598 2595 2599
2596 2593 2605 2599
2599 2603 2604 2602
2599 2605 2605 2604
2600 2597 2593 2604
2601 2596 2604 2604
2601 2602 2594 2603
2602 2595 2602 2604
2602 2596 2605 2605
2602 2609 2607 2607
2602 2613 2612 2613
2603 2611 2605 2608
2603 2614 2603 2606
2604 2612 2610 2615
2604 2613 2603 2610
2605 2608 2613 2611
2606 2604 2614 2614
2606 2610 2604 2610
2606 2615 2614 2611
2607 2606 2614 2613
2607 2607 2610 2612
2608 2602 2608 2610
2609 2609 2601 2613
2610 2606 2614 2610
2611 2613 2620 2615
2611 2620 2620 2621
2613 2625 2623 2625
2614 2618 2620 2619
2614 2621 2612 2621
2615 2613 2619 2615
2616 2613 2623 2619
2616 2614 2619 2618
2617 2612 2625 2624
2619 2618 2614 2624
2619 2622 2611 2622
2620 2619 2617 2624
2621 2614 2621 2621
2621 2628 2635 2629
2621 2632 2624 2623
2622 2626 2629 2633
2622 2628 2628 2634
2623 2612 2624 2623
2624 2625 2625 2626
2625 2621 2622 2625
2625 2622 2623 2629
2625 2629 2625 2627
2625 2632 2623 2634
2625 2635 2624 2631
2626 2625 2631 2631
2627 2633 2628 2630
2628 2635 2622 2629
2630 2622 2633 2630
2630 2634 2629 2635
2631 2628 2628 2634
2631 2635 2635 2634
2631 2643 2644 2641
2632 2631 2632 2640
2632 2640 2635 2634
2632 2641 2640 2644
2632 2643 2635 2639
2633 2634 2643 2641
2634 2639 2633 2641
2634 2644 2645 2636
2635 2645 2633 2640
2638 2636 2638 2641
2638 2645 2633 2640
2639 2642 2635 2643
2641 2641 2644 2644
2641 2645 2648 2647
2641 2647 2651 2646
2641 2651 2649 2642
2643 2650 2649 2655
2644 2634 2638 2644
2644 2644 2649 2648
2646 2641 2641 2651
2646 2652 2648 2653
2647 2643 2645 2653
2647 2646 2647 2652
2648 2646 2650 2651
2649 2653 2645 2654
2650 2649 2652 2654
2651 2650 2646 2655
2651 2651 2657 2663
2651 2655 2641 2655
2652 2651 2657 2661
2652 2657 2654 2653
2653 2651 2661 2657
2653 2652 2657 2663
2653 2657 2661 2654
2653 2663 2664 2662
2654 2641 2642 2655
2654 2660 2655 2658
2657 2657 2658 2657
2659 2656 2665 2665
2659 2657 2656 2663
2659 2662 2662 2665
2659 2665 2660 2661
2660 2660 2656 2663
2661 2661 2669 2662
2661 2663 2661 2665
2661 2674 2673 2670
2663 2653 2663 2664
2663 2672 2666 2672
2663 2674 2662 2673
2663 2675 2670 2673
2664 2666 2673 2669
2664 2671 2666 2668
2665 2663 2671 2674
2665 2669 2663 2673
2667 2672 2674 2674
2668 2672 2662 2670
2668 2672 2664 2669
2669 2673 2668 2673
2671 2672 2683 2680
2671 2677 2673 2678
2671 2680 2678 2682
2671 2681 2675 2679
2671 2681 2684 2685
2671 2683 2676 2677
2673 2662 2669 2675
2674 2674 2675 2676
2674 2676 2679 2676
2674 2684 2684 2682
2677 2672 2678 2682
2678 2676 2685 2683
2679 2677 2675 2683
2679 2682 2683 2681
2679 2684 2675 2683
2680 2682 2679 2681
2681 2688 2684 2691
2682 2681 2695 2695
2683 2690 2683 2691
2683 2691 2688 2695
2684 2691 2685 2695
2685 2683 2691 2691
2685 2684 2682 2695
2685 2685 2695 2695
2687 2688 2689 2694
2689 2687 2688 2695
2689 2695 2689 2692
2690 2684 2688 2693
2691 2686 2688 2695
2691 2693 2686 2694
2691 2694 2695 2705
2691 2695 2695 2693
2691 2696 2697 2692
2691 2703 2701 2696
2693 2694 2700 2700
2694 2705 2697 2699
2695 2694 2703 2703
2695 2696 2699 2697
2695 2698 2696 2696
2696 2691 2705 2702
2696 2692 2695 2705
2696 2703 2691 2705
2697 2693 2705 2698
2698 2693 2698 2705
2701 2702 2715 2714
2701 2712 2714 2708
2701 2715 2706 2709
2702 2693 2691 2704
2702 2701 2705 2702
2702 2706 2701 2703
2703 2712 2707 2704
2704 2695 2702 2704
2704 2713 2712 2708
2705 2705 2712 2710
2705 2708 2706 2708
2707 2702 2704 2708
2707 2708 2701 2714
2707 2714 2713 2713
2708 2712 2701 2709
2708 2713 2713 2710
2711 2723 2711 2712
2712 2712 2713 2713
2712 2712 2720 2723
2712 2722 2716 2717
2713 2714 2716 2725
2713 2714 2721 2719
2713 2716 2711 2716
2714 2714 2717 2725
2714 2715 2720 2716
2715 2725 2719 2721
2716 2712 2711 2723
2716 2713 2711 2718
2716 2721 2725 2725
2719 2721 2722 2722
2720 2717 2723 2722
2721 2721 2733 2722
2722 2731 2730 2723
2723 2723 2725 2725
2724 2724 2734 2734
2724 2726 2725 2731
2724 2727 2734 2730
2725 2724 2728 2729
2725 2725 2734 2730
2726 2724 2731 2735
2726 2727 2734 2734
2726 2731 2721 2728
2726 2731 2721 2732
2726 2733 2727 2732
2727 2723 2725 2731
2728 2722 2725 2731
2729 2727 2732 2730
2731 2735 2745 2738
2731 2741 2745 2742
2731 2742 2744 2735
2731 2743 2732 2745
2732 2745 2737 2744
2733 2738 2733 2736
2735 2736 2732 2744
2735 2745 2731 2740
2737 2736 2745 2740
2738 2731 2740 2742
2738 2745 2738 2739
2739 2732 2744 2744
2741 2740 2735 2742
2741 2743 2731 2745
2742 2739 2740 2744
2742 2744 2744 2744
2742 2748 2746 2748
2742 2751 2747 2750
2743 2755 2742 2754
2745 2743 2745 2746
2745 2743 2752 2753
2745 2745 2744 2748
2745 2754 2755 2747
2745 2755 2741 2752
2746 2752 2747 2754
2747 2747 2753 2753
2747 2750 2753 2747
2747 2752 2754 2754
2751 2752 2764 2751
2752 2754 2748 2753
2752 2754 2754 2755
2752 2762 2759 2762
2752 2763 2759 2764
2753 2764 2764 2759
2754 2757 2756 2758
2755 2755 2756 2763
2755 2764 2752 2760
2755 2764 2752 2762
2757 2759 2758 2763
2757 2764 2757 2761
2758 2761 2755 2759
2761 2752 2761 2763
2761 2761 2761 2762
2761 2762 2769 2770
2761 2762 2771 2770
2762 2751 2752 2765
2762 2763 2762 2769
2762 2765 2773 2763
2762 2773 2767 2772
2763 2763 2767 2769
2764 2753 2765 2765
2765 2771 2774 2772
2765 2775 2773 2767
2766 2767 2768 2772
2766 2768 2769 2775
2766 2773 2770 2769
2766 2774 2766 2770
2769 2761 2773 2769
2769 2768 2766 2771
2771 2763 2768 2772
2771 2776 2781 2771
2772 2775 2784 2779
2773 2774 2779 2778
2773 2779 2771 2781
2774 2779 2782 2785
2775 2773 2783 2781
2776 2771 2773 2782
2776 2781 2783 2784
2777 2773 2782 2783
2777 2775 2783 2780
2777 2783 2779 2780
2778 2784 2778 2784
2779 2784 2784 2784
2782 2787 2792 2789
2782 2791 2787 2790
2782 2794 2786 2789
2783 2785 2782 2790
2783 2792 2782 2789
2783 2792 2787 2787
2784 2784 2779 2785
2784 2784 2789 2790
2785 2773 2777 2785
2785 2789 2786 2791
2785 2792 2789 2793
2787 2789 2795 2788
2788 2794 2792 2791
2788 2794 2792 2793
2789 2794 2787 2793
2791 2793 2791 2798
2791 2797 2805 2798
2791 2800 2797 2796
2791 2802 2794 2796
2791 2804 2801 2803
2792 2793 2792 2794
2792 2796 2797 2795
2792 2801 2797 2795
2792 2804 2801 2793
2793 2793 2791 2797
2794 2792 2804 2801
2794 2795 2787 2795
2794 2801 2796 2802
2796 2798 2796 2804
2797 2797 2793 2799
2798 2804 2793 2803
2800 2803 2799 2802
2801 2808 2814 2812
2803 2806 2814 2809
2803 2807 2813 2814
2805 2801 2809 2807
2806 2811 2810 2808
2806 2812 2801 2814
2806 2812 2810 2810
2807 2810 2813 2813
2807 2811 2812 2808
2808 2808 2805 2812
2808 2813 2814 2808
2808 2814 2803 2813
2810 2812 2802 2811
2811 2812 2812 2825
2811 2818 2811 2817
2812 2805 2814 2814
2812 2809 2810 2812
2812 2811 2817 2820
2812 2819 2816 2824
2812 2819 2821 2817
2812 2822 2814 2816
2812 2823 2820 2819
2813 2819 2818 2820
2814 2816 2817 2824
2815 2812 2818 2817
2815 2814 2815 2819
2815 2824 2814 2818
2818 2817 2811 2819
2819 2814 2823 2822
2821 2820 2825 2822
2821 2823 2821 2833
2822 2826 2834 2824
2822 2830 2826 2831
2822 2834 2833 2823
2823 2822 2827 2830
2823 2827 2821 2831
2823 2831 2828 2825
2823 2832 2832 2825
2827 2831 2821 2834
2827 2833 2833 2834
2828 2821 2822 2831
2828 2832 2832 2835
2831 2823 2829 2834
2831 2831 2830 2833
2831 2832 2831 2840
2832 2833 2836 2838
2832 2837 2836 2834
2832 2844 2834 2843
2833 2832 2824 2834
2833 2834 2831 2843
2833 2837 2832 2839
2834 2837 2832 2835
2834 2841 2838 2838
2835 2835 2836 2843
2836 2831 2837 2845
2836 2834 2837 2841
2836 2844 2838 2837
2837 2835 2841 2843
2839 2838 2843 2845
2840 2832 2840 2844
2841 2841 2843 2850
2841 2843 2854 2849
2841 2852 2855 2847
2842 2849 2855 2845
2843 2844 2850 2846
2843 2849 2854 2849
2843 2851 2855 2846
2843 2853 2847 2855
2844 2853 2841 2845
2844 2853 2842 2848
2848 2844 2841 2852
2849 2844 2847 2849
2850 2844 2850 2854
2851 2844 2853 2853
2851 2851 2857 2853
2851 2857 2859 2859
2851 2863 2856 2855
2851 2863 2856 2859
2851 2865 2861 2860
2852 2842 2841 2855
2853 2861 2857 2855
2855 2851 2861 2861
2856 2855 2852 2861
2856 2863 2864 2860
2857 2859 2861 2857
2857 2859 2864 2861
2858 2853 2856 2858
2858 2863 2861 2865
2861 2861 2864 2866
2861 2873 2872 2867
2861 2874 2867 2870
2862 2851 2864 2864
2862 2861 2866 2869
2862 2869 2861 2865
2863 2866 2861 2869
2863 2875 2872 2875
2864 2852 2862 2864
2864 2862 2864 2871
2864 2864 2875 2873
2866 2871 2866 2872
2867 2862 2867 2871
2867 2862 2874 2869
2867 2867 2867 2868
2868 2865 2874 2873
2871 2876 2872 2878
2872 2874 2871 2875
2872 2874 2872 2873
2873 2871 2877 2877
2873 2872 2881 2877
2873 2875 2879 2879
2874 2881 2884 2882
2874 2883 2883 2882
2874 2885 2884 2885
2875 2874 2881 2883
2876 2883 2882 2884
2876 2883 2885 2880
2877 2874 2874 2880
2878 2877 2878 2882
2879 2872 2881 2885
2881 2887 2890 2894
2882 2876 2875 2883
2882 2886 2892 2888
2882 2889 2882 2894
2883 2886 2893 2890
2883 2892 2884 2894
2884 2893 2883 2895
2885 2884 2885 2886
2885 2892 2887 2893
2885 2892 2892 2892
2887 2881 2888 2889
2887 2895 2890 2889
2888 2892 2894 2890
2890 2882 2890 2892
2891 2889 2882 2893
2891 2902 2902 2905
2892 2884 2887 2894
2892 2892 2903 2893
2893 2898 2904 2893
2893 2900 2893 2904
2894 2894 2901 2897
2895 2893 2901 2901
2897 2893 2896 2897
2897 2895 2900 2897
2898 2900 2902 2903
2899 2902 2898 2901
2900 2900 2900 2902
2901 2892 2904 2904
2901 2900 2898 2902
2901 2906 2904 2915
2901 2911 2903 2909
2902 2894 2898 2902
2902 2909 2902 2905
2902 2909 2902 2914
2902 2911 2909 2910
2902 2912 2907 2903
2902 2913 2906 2911
2903 2896 2892 2904
2903 2901 2913 2908
2903 2902 2904 2912
2903 2904 2903 2914
2903 2905 2905 2912
2906 2905 2903 2910
2906 2907 2909 2907
2906 2914 2914 2907
2907 2909 2908 2908
2911 2912 2912 2912
2911 2914 2924 2924
2911 2915 2921 2918
2911 2925 2916 2917
2914 2919 2912 2919
2914 2925 2919 2923
2915 2921 2915 2919
2917 2916 2911 2920
2917 2917 2921 2923
2917 2919 2916 2920
2920 2912 2914 2920
2921 2914 2920 2924
2921 2921 2923 2923
2921 2931 2931 2928
2921 2933 2925 2929
2922 2929 2922 2923
2922 2935 2923 2924
2923 2923 2914 2924
2923 2924 2923 2924
2924 2914 2921 2924
2924 2923 2927 2933
2924 2934 2923 2929
2924 2935 2924 2930
2926 2925 2926 2934
2928 2923 2933 2930
2928 2933 2927 2930
2929 2926 2928 2929
2931 2924 2931 2932
2932 2935 2929 2935
2932 2935 2935 2935
2932 2945 2941 2942
2933 2931 2931 2941
2933 2938 2939 2943
2934 2935 2940 2941
2934 2938 2944 2936
2935 2931 2931 2940
2935 2934 2932 2942
2935 2936 2942 2940
2936 2935 2937 2943
2936 2943 2942 2941
2938 2935 2931 2939
2939 2931 2941 2942
2940 2933 2941 2943
2940 2940 2942 2943
2941 2942 2946 2952
2942 2944 2946 2950
2942 2948 2955 2953
2942 2954 2950 2953
2944 2936 2944 2945
2944 2953 2947 2954
2945 2949 2943 2953
2945 2955 2948 2948
2946 2943 2951 2955
2946 2951 2950 2954
2947 2946 2946 2949
2947 2946 2955 2953
2948 2944 2955 2954
2948 2947 2952 2948
2950 2954 2954 2951
2951 2959 2956 2963
2952 2941 2950 2954
2952 2964 2953 2965
2952 2965 2964 2956
2954 2954 2954 2962
2954 2961 2961 2956
2955 2960 2964 2964
2956 2955 2961 2963
2956 2958 2952 2965
2956 2965 2951 2961
2957 2964 2957 2958
2958 2953 2960 2961
2958 2956 2965 2964
2959 2951 2954 2960
2960 2958 2959 2964
2961 2963 2963 2972
2961 2964 2961 2964
2961 2967 2972 2972
2962 2964 2967 2972
2962 2975 2967 2968
2962 2975 2971 2963
2963 2956 2965 2965
2963 2966 2971 2973
2963 2969 2966 2964
2964 2966 2963 2973
2964 2971 2973 2973
2965 2972 2962 2967
2965 2975 2975 2966
2966 2968 2971 2967
2971 2977 2982 2971
2971 2981 2979 2981
2971 2985 2979 2983
2972 2972 2972 2979
2973 2962 2961 2974
2973 2971 2984 2974
2973 2981 2980 2984
2974 2967 2968 2975
2974 2972 2978 2981
2974 2973 2980 2981
2974 2982 2975 2976
2975 2977 2971 2976
2975 2978 2983 2981
2978 2982 2971 2980
2979 2974 2984 2982
2979 2980 2983 2984
2980 2982 2977 2982
2981 2984 2992 2987
2981 2986 2984 2985
2981 2994 2993 2995
2981 2994 2995 2983
2981 2995 2995 2993
2982 2987 2985 2986
2983 2986 2986 2984
2984 2988 2994 2991
2984 2994 2986 2994
2985 2986 2992 2986
2986 2984 2988 2995
2988 2985 2991 2991
2990 2991 2986 2995
2991 2985 2983 2993
2991 2988 2985 2994
2991 2997 2999 2992
2991 2998 2999 3001
2991 2999 2994 3005
2992 2994 3004 3000
2992 3001 2992 3002
2992 3002 3002 3004
2993 2999 3004 3000
2993 3001 3001 3003
2993 3005 2993 2998
2994 2998 2994 2997
2994 3003 3005 2994
2994 3005 2998 3004
2998 3004 3005 3003
3001 2992 2997 3005
3004 2993 3002 3004
