1 5 12 5
2 10 1 15
2 14 7 14
3 4 15 3
4 3 3 14
4 4 11 15
4 5 10 9
4 6 9 8
4 14 13 7
5 14 9 15
6 7 5 14
7 8 13 10
8 2 14 15
8 10 4 14
11 22 11 17
11 22 17 17
12 7 15 14
12 16 18 13
14 13 21 23
15 13 21 24
15 24 11 17
16 11 21 19
16 13 19 18
16 14 11 17
17 17 22 21
18 20 11 21
21 16 14 24
21 18 20 23
21 33 27 31
21 34 26 24
22 30 27 24
23 19 19 24
24 17 25 24
24 25 29 33
24 30 23 30
25 33 26 27
27 24 26 27
27 25 33 29
27 29 21 30
27 34 31 30
28 21 29 31
28 27 21 35
28 35 31 29
30 31 30 32
30 35 29 34
31 36 44 45
32 37 36 44
32 43 34 38
33 34 31 38
33 35 40 33
34 43 41 40
34 44 34 43
35 33 40 38
36 36 45 43
36 45 32 39
38 40 42 45
39 33 31 40
39 38 41 45
39 41 45 39
41 41 53 53
41 43 47 50
42 51 43 49
43 51 44 48
43 52 45 52
44 37 44 45
44 48 41 48
44 51 55 46
45 50 52 49
46 55 41 50
47 50 51 53
50 46 48 54
50 54 55 52
53 59 58 63
53 59 61 54
54 44 46 54
54 44 53 55
54 50 54 54
54 59 55 61
54 61 64 62
54 65 65 57
55 52 64 56
55 58 51 65
56 57 51 60
56 62 65 58
57 58 53 60
58 56 61 61
61 55 56 65
61 63 69 68
61 63 73 75
61 67 61 67
61 67 72 69
61 70 68 64
62 60 65 63
62 65 52 64
63 59 59 64
63 67 63 69
65 61 61 68
67 68 69 68
67 69 64 69
67 74 70 71
68 74 67 73
70 66 67 75
70 67 63 71
71 71 78 84
72 71 75 72
72 76 72 78
72 81 71 76
72 83 71 77
73 68 75 75
73 70 63 75
73 71 80 78
73 79 77 78
73 79 77 85
73 80 71 78
74 80 75 76
74 85 73 80
75 82 71 85
77 75 81 80
79 71 80 84
80 76 72 81
82 81 86 89
83 84 93 86
83 86 86 90
83 86 94 92
83 88 89 84
83 89 94 91
83 95 87 85
84 84 83 88
85 81 83 87
85 95 84 90
86 92 83 90
87 94 87 95
88 89 86 90
88 90 90 92
91 88 93 93
91 96 95 93
91 102 93 105
91 102 94 99
92 93 103 92
93 96 100 94
95 105 101 102
96 100 104 99
96 102 98 100
97 100 104 103
98 95 97 100
99 93 92 105
100 92 92 103
100 104 102 102
100 105 100 104
101 103 98 104
101 103 111 102
101 105 114 107
102 112 106 115
103 105 110 107
103 107 111 115
103 110 102 105
104 106 104 106
105 112 111 115
106 113 101 113
106 115 113 111
107 102 105 110
108 103 101 113
109 111 111 114
111 108 108 114
111 111 113 115
111 111 116 114
112 116 117 114
112 125 124 120
113 114 113 117
114 114 121 121
114 117 111 125
115 111 116 121
115 115 114 124
116 117 117 118
116 123 121 124
117 114 121 125
117 117 124 117
120 114 113 125
121 122 122 123
121 124 124 124
122 116 123 124
123 114 115 125
123 133 123 128
124 123 122 128
124 126 133 135
125 128 128 135
125 131 135 135
126 135 133 127
127 129 134 134
128 122 124 135
128 129 135 129
130 121 133 134
130 129 135 135
131 132 131 144
132 129 135 132
132 132 140 144
132 133 143 135
132 137 137 137
133 137 140 136
133 145 137 135
134 140 144 139
135 121 123 135
135 135 141 140
136 143 135 140
137 143 137 144
138 134 144 138
138 140 144 143
140 132 134 142
140 143 143 144
141 141 146 145
142 131 133 144
142 141 150 143
142 149 149 147
143 141 146 149
143 149 154 149
143 155 143 154
145 148 144 153
145 149 142 153
146 147 147 152
146 147 154 148
150 152 150 151
150 153 148 151
151 149 151 155
151 165 151 161
151 165 162 157
152 149 154 152
152 155 146 154
153 151 151 154
153 162 160 164
155 154 157 158
155 156 163 163
156 159 158 157
156 164 163 163
157 153 152 162
157 155 153 165
159 156 159 161
159 158 159 164
159 163 163 164
160 162 155 162
161 162 174 168
161 164 173 163
161 164 175 163
164 163 155 165
164 163 162 173
164 167 170 165
164 168 161 170
164 175 167 168
165 162 173 167
165 174 167 174
167 172 173 174
168 161 161 172
168 172 163 171
169 163 165 169
170 171 173 172
171 180 183 174
172 179 179 182
174 162 164 175
174 175 176 185
174 181 173 184
175 172 180 178
175 176 179 175
175 182 173 176
176 172 180 177
177 179 181 183
178 181 171 185
179 172 182 181
179 185 173 185
181 171 178 183
181 188 182 190
181 192 191 190
182 183 174 184
182 184 193 188
182 188 186 183
182 190 186 189
183 177 178 184
183 185 184 190
185 181 189 189
185 182 194 190
185 193 191 194
186 186 192 187
186 194 194 191
186 195 183 190
187 194 188 195
187 195 189 195
189 188 188 191
191 192 203 192
191 193 195 197
192 198 205 203
193 191 192 197
193 195 202 200
194 192 196 198
194 201 194 205
195 204 201 203
196 193 191 203
196 193 200 202
198 197 202 202
198 203 196 204
198 203 198 203
200 203 197 205
201 201 202 213
201 203 212 204
201 205 196 205
202 204 212 210
202 205 205 209
202 212 211 207
202 214 207 214
203 203 206 213
205 215 210 210
206 202 207 208
206 206 213 215
206 215 206 209
207 205 209 212
207 205 213 211
207 215 211 212
211 205 207 213
211 215 214 216
211 219 218 218
211 222 212 220
212 216 219 217
212 222 221 224
213 214 215 221
213 221 224 217
214 213 211 223
214 213 215 218
214 221 217 215
214 224 224 224
215 211 220 223
217 216 219 219
217 217 214 218
219 225 224 220
221 226 226 230
222 223 225 235
222 227 229 231
223 225 231 228
223 229 235 228
224 224 224 235
224 226 235 230
225 235 225 229
226 224 224 230
228 221 232 235
228 228 228 232
229 222 232 234
229 235 225 235
229 235 235 230
231 231 235 234
231 245 243 236
232 232 239 233
233 231 235 245
233 236 245 238
234 243 233 242
235 239 235 237
236 241 233 242
237 231 244 237
237 240 232 239
237 242 242 240
238 245 236 243
240 234 237 243
240 242 243 240
242 243 250 243
242 253 255 250
243 232 236 243
243 236 235 244
243 247 245 253
244 253 248 253
246 248 254 246
246 250 247 252
246 254 243 253
247 249 249 251
248 242 251 249
248 254 254 248
250 255 255 255
251 250 248 255
251 254 263 257
251 255 254 259
251 264 257 262
251 265 255 263
252 254 250 255
252 258 265 252
252 263 259 261
252 264 256 265
253 243 249 254
253 250 241 255
253 253 252 254
254 259 257 255
255 253 255 263
257 255 260 259
258 260 258 264
261 268 263 273
261 268 272 265
261 272 272 264
262 252 252 264
262 260 263 265
262 275 264 275
263 251 256 263
264 267 274 264
264 271 270 267
264 272 274 271
264 274 262 275
265 262 272 271
265 266 268 274
266 267 273 268
266 274 265 275
267 268 265 270
268 269 269 269
271 279 277 278
271 280 271 284
271 280 274 276
273 266 270 274
273 272 280 276
274 275 278 277
274 279 274 275
274 282 271 280
274 282 279 280
275 277 274 284
275 281 281 285
275 284 274 277
278 271 283 284
279 274 280 280
279 280 273 284
279 283 279 283
281 289 286 282
281 291 281 291
282 283 284 294
282 285 287 288
282 295 291 288
283 287 282 286
283 293 284 289
285 287 287 295
286 291 289 288
290 281 284 292
290 282 283 294
291 282 285 295
291 286 288 292
291 296 291 304
291 302 302 297
291 303 302 302
292 301 294 295
292 303 291 300
293 292 297 305
294 291 292 294
294 294 295 295
295 292 305 299
295 304 300 301
295 305 294 303
296 298 297 301
298 305 292 301
300 301 293 305
301 301 308 307
301 303 302 302
301 309 311 313
302 305 296 305
302 306 309 305
302 308 308 304
302 315 304 315
303 299 303 303
304 295 300 305
307 307 307 309
307 315 304 310
308 311 301 315
308 313 314 313
311 305 309 311
311 312 302 312
311 325 311 324
312 304 313 314
312 316 316 321
312 321 316 318
312 321 319 315
313 305 302 315
313 312 314 315
313 321 316 325
314 311 313 323
314 322 321 322
315 318 316 321
316 315 321 317
316 323 317 323
316 324 322 323
317 317 322 317
317 319 314 323
317 324 313 323
320 318 317 324
321 323 330 333
321 324 333 332
321 331 324 329
321 334 323 324
322 329 321 334
322 335 333 328
323 324 321 332
324 325 325 328
324 330 322 331
324 334 324 333
325 332 329 334
326 329 322 327
327 330 331 328
331 321 334 331
331 328 321 334
331 333 333 337
332 332 338 342
333 332 341 337
334 332 332 343
334 336 334 342
334 339 335 342
335 335 331 341
337 332 343 341
337 336 338 343
337 343 340 342
338 345 345 341
339 341 342 342
340 337 338 344
341 352 350 343
342 334 342 342
342 341 350 344
343 338 345 344
344 343 342 355
344 344 348 355
344 354 352 354
344 355 347 345
345 346 355 347
347 353 351 354
347 355 349 353
349 341 342 350
349 341 355 351
350 352 341 354
351 342 344 355
351 355 352 362
351 363 361 355
352 356 352 354
353 355 352 354
353 355 357 353
353 358 355 363
353 362 353 364
353 365 363 354
354 345 347 355
354 353 365 358
354 364 352 359
355 352 363 356
357 356 360 357
357 360 356 365
357 360 360 359
358 354 363 362
361 368 368 370
362 368 363 364
362 374 362 367
363 374 362 375
364 358 362 364
364 361 369 373
364 366 362 375
364 375 371 366
365 372 368 373
365 375 363 366
366 366 363 370
366 371 373 375
366 375 369 370
367 373 372 371
369 367 369 370
369 370 367 374
371 373 385 379
371 378 371 377
371 378 375 383
371 381 380 383
373 378 378 381
373 378 385 385
373 382 385 383
373 385 379 381
374 382 384 374
375 381 374 380
375 384 372 383
376 371 371 383
376 375 371 377
376 383 375 380
380 382 374 382
381 395 382 390
382 383 387 395
382 395 384 384
383 391 381 388
383 392 384 393
383 393 384 388
384 385 393 394
384 391 391 392
385 381 387 387
385 395 382 391
386 381 386 391
387 385 385 389
389 383 395 390
389 384 386 392
391 391 405 404
392 393 400 397
392 394 399 398
392 397 404 394
392 405 391 395
393 396 397 393
394 391 399 397
394 400 401 399
395 389 394 395
395 393 404 402
395 404 403 403
397 392 397 397
397 404 396 399
398 400 405 405
400 399 402 401
401 412 413 409
401 414 408 406
402 404 402 413
403 398 396 404
403 401 414 406
403 405 406 403
403 415 410 412
404 405 402 407
406 408 403 412
406 411 405 415
406 413 413 412
407 410 402 410
407 413 405 415
409 403 407 415
410 405 414 410
411 407 411 411
411 413 411 424
412 415 424 419
412 417 423 413
412 422 423 419
413 423 416 417
415 411 414 424
415 414 414 421
415 416 413 417
415 419 417 418
416 423 415 419
419 420 423 423
419 425 422 423
420 414 413 422
421 432 426 426
422 424 414 424
422 432 431 424
423 417 413 425
424 429 434 424
424 434 429 429
424 435 429 427
425 423 435 428
425 425 434 428
426 425 421 430
426 427 424 428
428 431 421 429
428 431 426 433
429 425 431 432
429 433 423 435
431 431 432 436
431 441 436 445
431 442 439 436
431 444 442 442
432 429 433 434
432 439 439 433
433 437 437 444
433 445 441 444
434 431 433 434
434 433 431 439
434 441 437 443
435 432 442 445
435 444 444 439
436 432 436 443
436 441 441 438
437 442 443 444
438 445 440 444
441 444 441 453
441 448 442 452
441 455 451 449
442 442 447 452
442 444 444 454
445 441 453 452
445 448 452 451
445 454 442 454
446 445 455 455
446 452 454 446
447 454 447 452
449 443 450 452
449 443 455 453
450 441 451 450
451 451 462 454
451 461 454 460
451 463 461 459
451 463 464 463
452 451 447 453
452 462 457 462
452 464 464 465
453 452 465 462
453 465 453 456
454 457 452 460
455 454 456 458
457 465 459 465
458 459 463 465
459 459 461 465
461 463 465 461
461 464 466 468
461 468 465 473
461 472 474 464
462 461 463 465
462 463 467 473
462 473 467 474
463 461 460 465
463 464 472 463
463 474 463 472
464 465 461 471
464 467 463 472
466 469 475 472
469 462 472 473
470 462 472 474
470 469 473 472
470 471 466 475
472 477 476 482
473 473 476 482
474 472 479 477
474 483 485 481
475 476 484 484
476 471 479 477
476 475 485 481
476 479 484 483
477 475 471 479
477 480 483 478
477 484 471 478
478 475 476 482
478 477 475 484
480 479 476 485
481 486 485 483
481 486 485 487
481 493 487 493
482 480 472 483
482 485 483 484
483 492 494 483
483 493 482 491
484 489 489 494
484 494 484 490
484 495 493 495
485 494 481 490
486 492 481 494
486 493 489 488
488 487 488 491
488 494 482 490
489 485 488 494
491 491 494 498
491 491 502 504
491 496 493 503
493 491 503 498
493 492 494 497
493 498 503 494
493 505 501 502
494 492 492 497
494 492 499 494
495 493 492 500
495 494 496 495
495 497 503 504
495 501 504 495
500 499 492 503
500 505 500 503
501 508 511 510
501 510 513 503
503 501 504 506
503 509 508 504
506 511 504 508
507 508 505 509
507 512 503 514
508 515 512 512
509 501 503 512
509 502 513 512
509 510 502 513
510 501 514 510
510 509 508 513
511 511 519 519
511 520 522 517
511 522 511 519
512 516 512 525
513 513 513 514
514 508 505 515
514 515 518 515
514 519 516 515
514 521 523 521
514 523 519 520
515 525 511 523
516 511 520 518
516 513 516 518
518 517 513 521
519 517 512 524
521 521 511 524
522 526 529 527
523 511 522 524
523 521 526 524
523 522 526 526
523 527 531 530
524 521 530 528
525 528 526 528
527 524 529 530
527 534 532 535
527 535 529 532
530 524 524 535
530 525 530 534
530 529 521 534
531 529 532 532
531 533 545 535
531 535 535 534
531 536 538 536
532 534 522 535
533 533 544 537
534 531 542 534
535 531 544 543
535 536 538 543
536 535 537 540
537 540 537 539
538 532 534 539
538 540 542 544
539 545 539 541
541 537 532 542
541 543 536 544
541 550 541 546
542 541 553 546
542 545 546 545
543 538 541 544
543 546 545 552
543 553 544 550
543 553 548 549
543 554 555 545
543 555 547 546
544 536 539 545
545 546 542 548
546 553 547 549
547 547 551 553
548 550 555 555
550 554 550 553
551 541 542 555
551 556 552 560
551 560 558 560
552 542 547 555
552 552 556 561
552 565 564 565
555 553 563 556
555 558 563 560
556 551 558 558
557 554 564 565
558 555 561 560
558 560 556 559
559 561 557 562
559 563 563 560
559 565 559 565
560 562 563 562
561 574 570 564
562 562 573 563
563 552 555 565
563 567 567 566
563 574 568 567
564 562 573 571
564 566 566 566
564 575 565 573
566 571 575 566
567 569 569 570
567 572 563 570
568 565 565 570
569 566 566 574
569 574 571 571
570 565 574 571
572 572 567 575
572 573 577 581
572 583 581 582
572 585 581 576
573 574 581 575
573 574 584 575
574 580 573 582
576 577 575 580
577 573 582 578
577 577 572 580
578 579 574 585
578 582 572 584
579 583 577 580
580 583 572 582
581 582 582 581
581 584 584 581
581 584 590 595
581 585 595 587
581 589 582 582
583 595 588 586
584 587 595 590
584 588 595 590
584 591 586 591
584 595 585 585
585 589 585 587
587 584 595 592
587 591 591 587
590 583 591 591
590 584 592 595
591 583 581 593
591 594 597 601
592 591 605 595
592 595 600 598
593 605 598 597
594 584 587 595
595 594 599 599
595 601 594 604
595 605 597 602
596 601 597 605
598 604 602 604
598 604 603 603
598 605 592 601
599 605 592 601
601 605 606 612
601 608 604 603
602 598 597 604
602 601 593 605
602 601 603 609
602 602 601 609
602 610 605 608
603 596 596 605
605 603 608 611
605 607 611 606
605 613 614 613
606 601 602 612
606 603 612 609
607 603 611 610
607 604 611 615
609 609 608 611
610 601 613 615
610 605 601 612
611 619 621 617
611 624 612 613
613 612 612 617
613 625 618 616
614 614 618 616
615 613 613 624
615 614 620 622
615 617 618 623
615 623 619 622
618 615 615 618
618 624 624 623
620 620 621 621
620 621 615 621
621 632 623 630
622 619 618 625
622 626 632 632
622 626 634 635
622 632 633 627
622 635 629 625
623 619 617 624
623 622 633 631
626 634 635 628
627 623 630 629
627 633 625 628
627 635 629 628
628 635 622 635
629 629 630 629
629 634 628 634
630 629 623 631
631 631 632 633
631 633 635 641
631 637 642 639
633 624 627 635
633 632 632 637
634 636 633 643
634 638 644 644
634 644 641 638
635 631 637 642
635 632 639 644
638 634 635 642
639 640 632 641
640 640 636 645
640 641 631 642
641 645 639 644
641 652 645 652
642 641 651 645
642 642 645 642
643 641 642 644
643 642 642 651
643 646 648 655
644 643 645 651
644 647 648 644
644 651 654 649
645 648 651 650
646 645 642 647
648 647 642 655
649 641 641 650
650 655 653 653
651 651 652 660
651 657 659 656
652 646 647 653
652 651 661 665
652 651 665 655
653 656 654 663
653 663 651 657
653 665 656 665
654 645 651 654
654 664 654 663
657 659 657 664
657 662 664 664
658 652 654 661
659 658 657 661
661 670 673 669
661 674 662 672
662 652 658 665
662 675 671 667
663 656 659 663
663 660 665 664
663 666 663 669
663 669 675 675
663 672 666 670
664 669 673 665
665 664 664 670
667 666 664 675
667 666 673 674
669 670 673 674
669 675 670 672
670 674 672 672
671 672 671 676
671 673 674 679
672 661 675 672
672 671 670 674
672 674 675 682
672 674 684 684
673 673 684 680
673 675 676 682
673 677 672 682
675 682 676 685
675 685 674 678
676 674 682 677
676 678 684 682
677 676 680 683
677 681 672 683
677 685 674 680
681 685 688 682
681 687 686 689
681 687 693 693
681 689 689 690
682 676 676 685
682 681 683 686
682 681 683 691
682 685 684 689
684 693 686 689
685 685 687 694
686 681 682 686
687 688 686 690
690 686 692 691
691 700 702 700
691 704 692 702
692 681 693 694
692 690 690 694
692 691 693 701
692 702 693 702
693 696 693 695
693 704 705 698
694 703 694 699
695 681 694 695
697 694 701 699
699 694 692 703
699 704 694 704
700 691 702 700
700 694 693 704
701 701 715 706
701 712 709 715
702 693 694 702
702 704 706 705
702 713 701 715
703 703 709 713
704 698 701 705
704 710 708 706
704 714 702 706
704 715 707 714
705 698 702 705
706 709 709 711
706 710 708 708
707 702 710 708
709 712 708 712
709 715 707 711
711 712 714 714
711 717 714 717
712 723 720 716
712 723 722 725
712 723 723 719
713 701 706 714
713 715 710 714
715 713 724 719
715 724 725 721
716 725 723 719
717 711 716 724
717 714 724 722
717 720 716 724
718 718 721 721
719 711 717 725
721 723 733 735
721 724 732 735
721 727 729 724
722 715 725 725
722 730 728 725
722 731 735 732
722 735 729 730
723 721 718 725
723 722 725 731
723 724 728 728
723 727 721 726
724 725 729 726
724 727 730 729
724 733 731 725
725 723 735 729
727 721 727 727
727 733 729 731
732 731 741 737
732 733 740 741
732 736 731 743
732 736 732 735
733 739 734 734
733 743 745 734
735 732 744 742
736 732 732 745
738 733 745 744
738 740 744 744
739 743 739 742
741 736 744 744
741 752 753 744
742 734 733 743
742 742 743 743
742 744 743 752
742 745 743 744
742 753 746 747
743 753 742 746
744 742 755 744
744 749 749 751
744 753 750 751
745 754 749 747
745 755 745 754
746 744 748 747
746 750 743 752
749 750 753 750
750 749 746 755
750 752 750 753
751 762 764 759
751 764 764 758
751 765 761 753
752 741 747 754
753 756 765 753
754 752 754 762
754 753 759 760
754 762 760 755
755 754 759 756
755 764 758 761
756 765 754 764
757 754 765 759
758 754 753 764
758 759 751 761
761 761 765 762
761 764 763 763
761 767 768 773
761 775 771 767
762 770 765 767
762 773 767 766
762 774 765 775
763 761 768 771
763 765 773 764
763 768 762 768
764 767 768 764
764 770 762 765
765 772 772 767
767 762 764 768
767 763 762 770
770 762 774 772
770 775 763 773
771 771 781 779
771 773 779 778
771 776 773 779
772 775 777 784
772 777 785 775
772 783 774 781
773 783 774 776
774 772 780 785
775 777 774 783
775 781 780 779
776 775 779 781
778 778 780 785
780 777 784 783
783 784 787 794
784 777 771 785
784 781 785 789
784 790 793 795
784 792 795 786
785 779 784 785
785 785 786 792
785 792 795 786
786 783 783 789
786 786 784 795
786 790 790 788
787 786 790 790
787 795 793 793
788 782 786 792
789 792 793 790
790 791 781 793
791 792 796 804
791 794 792 794
791 800 791 804
791 800 803 793
792 791 791 794
792 797 802 795
792 799 805 800
793 793 798 804
793 797 791 795
794 791 792 802
794 795 795 798
794 805 796 804
796 794 796 799
796 795 799 801
796 803 802 805
797 799 804 805
801 802 813 815
801 803 807 809
801 804 809 805
801 809 807 810
801 810 813 809
804 802 807 811
804 803 813 804
804 806 812 814
804 811 804 805
805 812 811 812
807 802 809 808
807 805 807 809
808 801 812 812
809 808 802 815
811 811 813 825
811 819 823 812
812 805 808 815
813 824 821 825
814 823 813 819
814 825 822 821
815 818 819 817
815 825 815 823
817 815 817 817
817 821 823 822
818 821 818 820
819 815 823 822
819 822 825 824
820 824 823 825
821 830 821 833
821 833 834 826
821 833 835 821
821 835 825 828
822 821 821 822
822 834 828 824
823 823 823 830
823 825 830 823
824 822 829 824
824 827 829 832
825 812 825 825
825 826 821 826
825 831 831 830
825 834 823 832
825 835 831 834
829 825 834 833
830 833 835 833
831 832 843 835
832 832 844 833
832 839 843 836
832 840 838 834
832 841 831 834
832 842 833 836
833 845 836 844
834 834 839 837
834 839 845 838
835 835 841 837
836 837 839 842
836 844 838 840
837 838 835 844
839 832 845 839
841 852 841 850
841 853 854 854
842 846 843 853
843 842 835 845
844 848 854 851
844 850 846 845
844 852 842 846
845 846 855 855
845 847 849 847
847 844 854 853
847 847 849 850
848 853 845 854
850 855 850 852
851 853 843 855
852 846 843 854
852 850 855 855
852 864 854 857
853 865 858 863
855 851 863 860
855 862 859 856
855 865 862 862
856 855 857 864
856 859 859 860
858 852 864 859
859 855 852 862
859 857 859 860
860 852 853 862
860 853 862 861
860 864 858 864
860 864 864 861
861 874 875 865
862 868 868 870
862 870 861 870
862 872 861 871
863 875 872 868
864 861 853 865
864 864 872 867
864 866 863 866
864 866 864 870
864 866 870 869
867 863 873 869
867 875 870 868
867 875 871 869
869 868 866 875
871 868 873 873
871 877 881 877
871 881 884 882
872 865 875 875
872 879 879 875
873 871 876 882
873 874 876 873
873 877 882 875
873 880 881 875
874 872 875 877
874 879 875 875
875 872 871 883
875 879 882 875
877 878 880 880
879 880 877 880
881 883 880 885
881 884 890 891
881 890 883 888
881 895 881 887
882 881 881 887
882 882 885 883
882 886 881 895
883 877 885 883
883 884 889 884
883 894 883 890
884 885 887 888
884 889 893 895
884 891 893 891
885 893 891 886
887 891 885 888
888 892 884 894
891 893 896 894
891 903 891 900
892 889 895 892
892 902 900 895
892 903 894 900
892 905 898 900
892 905 900 893
893 898 894 902
895 894 895 896
895 897 896 899
896 898 903 905
898 893 902 900
898 901 900 902
900 893 892 901
901 902 900 902
901 907 911 901
901 907 913 907
901 910 915 905
901 913 907 905
902 892 894 903
904 902 915 911
904 913 914 909
905 911 905 909
907 903 903 914
907 915 911 913
908 903 911 911
908 907 910 910
910 911 901 915
910 913 909 915
911 906 913 915
911 911 911 911
911 911 920 912
911 912 914 914
911 914 919 918
912 919 914 924
912 919 924 914
913 910 906 914
913 919 912 916
914 919 920 925
914 921 914 924
915 912 922 919
917 918 917 918
918 919 922 921
919 914 918 921
921 912 913 922
921 923 930 931
921 933 925 935
922 924 917 923
922 927 921 927
923 922 927 929
923 931 923 927
924 929 934 930
925 922 921 931
925 923 927 927
925 929 926 932
925 933 934 929
925 934 928 932
931 923 934 931
931 924 927 934
931 931 938 932
931 935 940 938
931 939 942 934
931 942 936 937
932 937 936 937
932 944 940 945
933 931 934 936
933 935 942 939
933 945 935 934
934 931 934 934
934 944 941 938
935 922 927 935
935 938 940 944
935 943 933 944
936 942 931 943
939 931 932 943
941 934 932 942
941 942 950 943
941 946 942 948
942 947 943 953
942 955 954 948
943 950 941 949
943 950 942 954
944 944 944 944
944 953 951 948
945 948 943 948
945 949 953 948
948 941 943 953
948 949 943 952
949 941 950 949
950 944 951 954
951 948 952 951
953 956 956 964
953 960 954 955
954 962 951 958
954 963 955 961
955 952 958 964
955 953 957 964
956 952 962 959
958 953 965 961
959 960 962 964
959 964 959 964
960 958 954 964
960 963 965 965
961 951 961 963
961 958 960 965
962 962 968 972
962 973 970 965
963 960 965 963
964 972 962 966
964 975 963 973
965 969 973 970
965 970 966 973
967 965 969 972
967 967 974 968
967 973 969 974
967 974 962 968
968 967 970 972
969 966 974 972
970 961 971 970
971 961 963 974
971 977 975 973
972 982 979 978
973 974 975 981
973 982 972 974
974 972 980 983
974 978 978 977
974 982 976 978
975 967 971 975
975 973 983 981
975 981 972 982
975 985 976 985
976 972 978 976
977 978 978 982
980 976 975 984
980 979 979 982
981 989 982 986
982 982 977 983
982 985 983 988
982 988 995 991
982 994 989 993
982 994 993 983
983 995 992 985
984 983 989 990
984 991 987 995
984 993 988 988
986 986 987 988
986 991 982 989
986 991 984 992
986 992 982 989
986 995 995 986
988 985 984 990
991 994 995 995
991 995 994 995
991 1000 992 1004
991 1002 998 1002
993 1001 991 999
994 1000 1002 1000
995 995 1002 1000
995 1003 998 997
996 1003 996 1000
998 1000 995 1003
998 1004 997 1002
999 992 997 1002
1000 993 1000 1003
1000 1002 1000 1005
1001 1005 1007 1007
1002 1009 1008 1011
1002 1010 1001 1004
1002 1012 1001 1006
1003 994 992 1005
1003 1001 1015 1008
1003 1005 1013 1015
1003 1013 1006 1009
1005 1002 1014 1013
1005 1008 1007 1007
1005 1013 1001 1006
1007 1001 1010 1008
1008 1005 1006 1015
1010 1005 1004 1013
1012 1002 1006 1014
1013 1009 1007 1015
1013 1012 1023 1017
1013 1017 1011 1019
1013 1018 1011 1015
1013 1024 1016 1014
1014 1012 1011 1024
1014 1019 1021 1016
1014 1023 1022 1018
1014 1025 1014 1024
1015 1020 1014 1022
1016 1017 1024 1022
1016 1018 1021 1019
1017 1022 1024 1020
1018 1014 1015 1021
1019 1012 1025 1021
1020 1017 1015 1023
1021 1023 1023 1031
1021 1024 1033 1028
1021 1025 1033 1023
1022 1025 1021 1033
1022 1030 1026 1035
1022 1030 1028 1029
1022 1030 1035 1033
1023 1025 1023 1024
1024 1025 1032 1024
1024 1027 1033 1031
1025 1029 1024 1029
1025 1034 1029 1031
1026 1035 1023 1032
1029 1034 1030 1031
1030 1021 1027 1034
1031 1036 1035 1033
1031 1040 1033 1033
1032 1042 1045 1039
1033 1042 1035 1034
1034 1034 1033 1036
1034 1037 1032 1045
1034 1040 1036 1045
1035 1035 1040 1043
1036 1033 1035 1045
1036 1043 1031 1041
1036 1044 1034 1038
1037 1040 1033 1043
1038 1037 1041 1038
1039 1039 1040 1045
1041 1045 1050 1041
1041 1055 1048 1049
1042 1055 1050 1053
1043 1045 1042 1046
1043 1045 1051 1047
1043 1045 1053 1053
1044 1051 1050 1050
1045 1041 1044 1045
1045 1041 1047 1051
1049 1044 1052 1049
1049 1050 1048 1051
1049 1054 1052 1052
1050 1050 1053 1050
1051 1053 1063 1053
1051 1054 1055 1053
1051 1059 1062 1057
1052 1062 1051 1061
1052 1064 1053 1053
1053 1043 1048 1054
1053 1054 1054 1062
1053 1063 1054 1054
1054 1053 1060 1065
1054 1054 1054 1055
1055 1044 1049 1055
1056 1056 1057 1064
1057 1063 1063 1061
1058 1054 1062 1064
1058 1059 1056 1061
1059 1052 1052 1065
1061 1066 1062 1064
1061 1068 1075 1071
1061 1071 1069 1062
1062 1058 1051 1064
1062 1065 1068 1075
1063 1060 1056 1065
1063 1072 1075 1070
1064 1066 1073 1072
1065 1065 1064 1070
1065 1068 1064 1072
1065 1072 1062 1073
1066 1066 1074 1068
1068 1061 1070 1075
1068 1075 1061 1071
1069 1066 1064 1070
1069 1069 1070 1075
1071 1080 1080 1080
1071 1081 1082 1078
1072 1072 1083 1076
1072 1074 1080 1079
1072 1083 1078 1077
1073 1066 1075 1075
1073 1076 1079 1073
1073 1084 1081 1076
1074 1078 1079 1078
1075 1072 1071 1077
1075 1076 1079 1077
1075 1078 1073 1078
1075 1082 1072 1080
1076 1079 1073 1080
1077 1080 1079 1080
1079 1083 1074 1085
1082 1083 1087 1090
1083 1085 1083 1093
1083 1085 1090 1083
1083 1086 1082 1093
1084 1082 1092 1095
1084 1087 1090 1089
1085 1085 1090 1087
1085 1089 1084 1090
1085 1091 1093 1093
1086 1084 1082 1089
1086 1095 1092 1088
1088 1091 1089 1095
1090 1084 1081 1093
1091 1084 1082 1093
1091 1092 1092 1093
1093 1100 1103 1105
1094 1101 1093 1096
1094 1102 1105 1103
1095 1092 1091 1104
1095 1096 1094 1097
1095 1100 1100 1103
1096 1095 1099 1104
1096 1096 1101 1096
1098 1091 1093 1099
1099 1097 1104 1104
1100 1100 1101 1100
1100 1104 1091 1105
1101 1102 1094 1103
1101 1108 1103 1114
1102 1093 1097 1104
1102 1111 1112 1110
1102 1115 1110 1112
1103 1091 1094 1105
1103 1104 1110 1109
1103 1107 1113 1109
1103 1110 1112 1104
1103 1113 1102 1107
1103 1115 1114 1114
1104 1108 1112 1110
1104 1115 1115 1111
1105 1111 1113 1107
1106 1102 1110 1111
1106 1107 1114 1111
1109 1104 1108 1109
1111 1120 1121 1119
1112 1118 1120 1124
1112 1118 1124 1121
1113 1101 1103 1114
1113 1111 1112 1122
1114 1119 1121 1122
1114 1125 1119 1123
1115 1112 1125 1125
1115 1121 1121 1115
1116 1112 1112 1124
1117 1119 1122 1123
1118 1111 1125 1119
1119 1121 1114 1121
1120 1114 1117 1125
1120 1123 1123 1122
1121 1122 1129 1125
1121 1125 1112 1123
1121 1125 1125 1127
1121 1128 1122 1133
1121 1128 1123 1127
1121 1130 1130 1124
1122 1121 1121 1128
1123 1122 1134 1129
1124 1125 1132 1135
1124 1131 1135 1130
1125 1127 1126 1128
1128 1133 1133 1130
1129 1123 1128 1134
1130 1125 1130 1135
1130 1131 1130 1134
1131 1123 1127 1132
1133 1140 1141 1133
1133 1143 1138 1143
1133 1145 1132 1140
1134 1131 1132 1138
1134 1131 1134 1141
1134 1131 1135 1142
1136 1133 1131 1142
1136 1141 1136 1139
1138 1133 1139 1141
1140 1138 1144 1145
1140 1138 1145 1144
1141 1133 1141 1141
1141 1152 1151 1147
1142 1134 1137 1142
1142 1148 1155 1150
1142 1153 1147 1143
1142 1154 1143 1150
1143 1142 1141 1155
1143 1146 1151 1147
1144 1141 1134 1145
1144 1141 1147 1149
1144 1141 1155 1148
1144 1144 1144 1144
1145 1153 1151 1153
1146 1142 1144 1155
1146 1143 1150 1155
1147 1152 1145 1149
1148 1148 1144 1153
1149 1154 1146 1155
1151 1158 1157 1165
1151 1158 1164 1153
1151 1160 1154 1164
1151 1160 1162 1156
1151 1162 1155 1160
1151 1162 1161 1165
1152 1157 1152 1154
1152 1161 1153 1157
1153 1155 1159 1157
1153 1157 1160 1165
1154 1151 1154 1155
1154 1164 1153 1164
1155 1165 1162 1162
1156 1153 1161 1160
1158 1161 1155 1164
1159 1158 1151 1162
1161 1168 1161 1168
1163 1163 1162 1171
1163 1175 1168 1167
1164 1165 1172 1170
1165 1166 1161 1168
1165 1167 1172 1172
1165 1171 1170 1169
1167 1165 1164 1169
1167 1171 1173 1173
1167 1174 1175 1169
1168 1169 1168 1169
1170 1162 1166 1173
1170 1166 1174 1173
1171 1162 1163 1173
1171 1163 1168 1171
1171 1173 1172 1181
1171 1182 1182 1185
1172 1171 1174 1173
1172 1176 1174 1175
1172 1182 1182 1173
1174 1172 1176 1178
1174 1179 1178 1182
1174 1182 1172 1184
1176 1176 1173 1182
1176 1184 1178 1177
1177 1171 1179 1177
1177 1181 1178 1178
1178 1178 1183 1182
1179 1172 1180 1182
1181 1185 1186 1186
1181 1185 1188 1184
1181 1188 1188 1191
1181 1190 1191 1193
1181 1192 1181 1190
1182 1177 1180 1183
1182 1193 1193 1184
1183 1189 1191 1183
1185 1189 1193 1188
1185 1192 1194 1185
1186 1188 1194 1192
1187 1193 1189 1190
1188 1183 1188 1194
1191 1194 1200 1204
1191 1195 1185 1195
1192 1190 1195 1194
1192 1193 1193 1200
1192 1194 1197 1204
1192 1201 1200 1193
1192 1204 1192 1205
1192 1204 1197 1194
1193 1198 1195 1205
1194 1196 1197 1201
1195 1184 1189 1195
1195 1199 1191 1199
1196 1192 1203 1200
1197 1202 1194 1199
1198 1192 1195 1202
1198 1205 1205 1199
1200 1204 1192 1202
1201 1206 1201 1204
1202 1207 1205 1210
1202 1208 1203 1212
1203 1197 1198 1205
1203 1201 1206 1209
1203 1201 1210 1204
1203 1204 1202 1215
1203 1204 1204 1209
1203 1210 1214 1213
1203 1212 1209 1213
1204 1205 1208 1208
1204 1209 1201 1211
1205 1206 1204 1214
1205 1209 1208 1215
1205 1215 1211 1213
1207 1207 1206 1213
1211 1213 1223 1223
1211 1222 1217 1215
1211 1224 1217 1222
1211 1224 1219 1215
1212 1220 1218 1219
1213 1222 1211 1220
1216 1220 1216 1225
1219 1216 1212 1223
1219 1217 1222 1221
1219 1224 1225 1225
1220 1211 1221 1220
1220 1218 1211 1223
1220 1225 1212 1224
1221 1214 1225 1221
1222 1222 1221 1223
1222 1230 1230 1230
1223 1227 1233 1230
1223 1234 1223 1235
1224 1225 1223 1225
1224 1228 1231 1233
1225 1222 1233 1232
1225 1234 1229 1232
1226 1228 1226 1234
1226 1233 1222 1229
1226 1234 1232 1231
1227 1223 1221 1230
1227 1231 1225 1229
1229 1227 1229 1231
1231 1241 1239 1242
1231 1243 1237 1245
1232 1231 1234 1232
1232 1232 1239 1243
1232 1233 1234 1232
1233 1228 1234 1233
1233 1239 1244 1238
1233 1239 1245 1234
1234 1238 1244 1242
1234 1239 1235 1245
1234 1241 1232 1236
1236 1239 1236 1245
1237 1232 1235 1245
1237 1238 1240 1241
1237 1242 1242 1238
1238 1231 1238 1241
1242 1241 1241 1245
1242 1244 1252 1254
1242 1249 1253 1245
1243 1244 1247 1248
1243 1251 1254 1251
1243 1255 1254 1250
1244 1235 1236 1245
1244 1246 1242 1248
1244 1251 1253 1250
1245 1245 1246 1255
1246 1242 1241 1247
1246 1244 1253 1251
1246 1248 1254 1248
1246 1255 1254 1252
1247 1251 1245 1249
1251 1254 1254 1255
1251 1256 1259 1257
1252 1254 1257 1254
1252 1263 1261 1259
1253 1262 1252 1260
1254 1259 1252 1257
1254 1259 1253 1255
1254 1259 1254 1259
1254 1261 1259 1258
1255 1251 1258 1255
1255 1255 1258 1255
1256 1263 1251 1259
1257 1254 1256 1258
1257 1257 1265 1259
1259 1258 1259 1264
1261 1252 1252 1262
1261 1261 1275 1269
1261 1267 1266 1266
1262 1275 1273 1263
1264 1261 1263 1269
1264 1261 1269 1274
1264 1265 1269 1265
1264 1265 1273 1269
1264 1268 1275 1267
1267 1263 1272 1270
1267 1275 1270 1271
1268 1266 1275 1269
1269 1263 1264 1270
1270 1261 1268 1275
1270 1274 1264 1275
1271 1266 1271 1271
1271 1276 1271 1274
1272 1276 1285 1276
1272 1282 1280 1285
1272 1283 1285 1273
1272 1284 1271 1282
1273 1279 1275 1280
1273 1283 1272 1280
1274 1280 1283 1279
1274 1285 1279 1275
1276 1273 1271 1277
1276 1274 1273 1284
1277 1277 1279 1278
1279 1284 1273 1281
1280 1281 1272 1281
1281 1290 1295 1295
1282 1287 1291 1294
1282 1290 1285 1290
1283 1278 1280 1283
1283 1291 1293 1287
1284 1282 1290 1294
1284 1283 1282 1287
1284 1284 1287 1287
1284 1285 1287 1287
1284 1294 1281 1287
1285 1281 1284 1285
1285 1281 1293 1293
1287 1286 1292 1293
1287 1294 1282 1293
1288 1283 1289 1293
1288 1288 1283 1292
1291 1293 1300 1302
1291 1299 1295 1303
1291 1300 1299 1294
1292 1296 1296 1305
1293 1294 1295 1301
1293 1302 1299 1295
1294 1305 1299 1297
1295 1305 1304 1301
1297 1301 1292 1299
1298 1298 1297 1301
1299 1300 1295 1301
1299 1300 1302 1301
1300 1303 1303 1302
1302 1311 1303 1305
1303 1294 1292 1305
1303 1303 1304 1305
1303 1303 1312 1310
1303 1315 1303 1305
1304 1298 1303 1304
1305 1303 1312 1315
1305 1307 1301 1308
1306 1301 1303 1310
1306 1314 1301 1307
1307 1301 1306 1312
1307 1311 1314 1308
1307 1312 1306 1312
1308 1308 1314 1314
1309 1306 1307 1312
1309 1315 1308 1315
1311 1314 1314 1317
1311 1322 1318 1313
1312 1311 1318 1313
1312 1322 1324 1321
1313 1323 1324 1320
1314 1304 1307 1314
1314 1311 1318 1321
1314 1313 1314 1319
1314 1319 1314 1323
1314 1323 1321 1320
1315 1323 1312 1319
1317 1319 1315 1319
1317 1319 1323 1321
1317 1322 1319 1319
1319 1311 1319 1320
1320 1313 1321 1321
1321 1321 1326 1334
1322 1321 1327 1326
1322 1328 1325 1326
1322 1329 1325 1323
1322 1330 1334 1327
1322 1331 1321 1335
1322 1334 1334 1326
1324 1332 1330 1328
1325 1327 1325 1328
1326 1327 1331 1328
1326 1333 1328 1332
1327 1322 1332 1330
1328 1332 1324 1335
1329 1326 1327 1330
1330 1327 1327 1333
1331 1334 1340 1336
1331 1342 1335 1340
1332 1338 1336 1335
1332 1339 1337 1341
1333 1337 1341 1333
1333 1337 1343 1339
1335 1331 1344 1337
1335 1334 1337 1340
1335 1343 1332 1343
1336 1332 1342 1340
1336 1342 1331 1343
1337 1343 1340 1342
1339 1337 1342 1341
1339 1342 1340 1345
1342 1344 1343 1351
1342 1348 1354 1355
1342 1354 1355 1349
1343 1339 1336 1345
1343 1341 1348 1344
1343 1341 1348 1348
1343 1345 1345 1348
1344 1345 1352 1353
1345 1342 1354 1348
1345 1346 1341 1348
1345 1346 1344 1353
1345 1349 1347 1349
1346 1346 1353 1346
1349 1342 1350 1354
1349 1347 1346 1352
1350 1354 1352 1353
1351 1359 1361 1364
1351 1360 1352 1352
1352 1351 1356 1364
1352 1356 1365 1356
1352 1358 1351 1358
1352 1365 1363 1357
1353 1352 1358 1364
1353 1357 1352 1359
1354 1352 1356 1355
1356 1354 1354 1360
1358 1365 1354 1359
1358 1365 1355 1363
1361 1368 1369 1365
1361 1372 1372 1373
1362 1352 1364 1362
1362 1358 1352 1363
1362 1368 1371 1363
1362 1371 1366 1371
1363 1366 1367 1375
1363 1371 1363 1368
1363 1374 1364 1371
1363 1374 1366 1372
1363 1375 1366 1373
1364 1361 1352 1365
1364 1366 1368 1364
1364 1371 1369 1370
1365 1365 1361 1374
1366 1363 1367 1369
1367 1366 1361 1372
1371 1372 1383 1378
1372 1378 1383 1380
1372 1379 1385 1374
1372 1385 1373 1382
1373 1372 1384 1378
1373 1378 1371 1374
1373 1379 1375 1375
1373 1379 1383 1376
1374 1363 1368 1375
1375 1379 1374 1379
1377 1372 1383 1377
1377 1380 1380 1384
1378 1378 1385 1385
1380 1374 1383 1381
1381 1382 1378 1383
1381 1386 1386 1385
1381 1388 1381 1384
1381 1389 1384 1389
1383 1372 1375 1384
1383 1385 1390 1389
1383 1391 1385 1387
1383 1392 1388 1393
1385 1382 1388 1395
1385 1383 1395 1392
1385 1392 1387 1393
1385 1394 1395 1394
1387 1384 1384 1390
1387 1391 1382 1389
1390 1387 1389 1391
1390 1393 1388 1391
1391 1394 1392 1402
1391 1400 1402 1393
1392 1398 1399 1394
1392 1398 1403 1397
1392 1401 1405 1393
1392 1402 1400 1397
1393 1395 1398 1398
1393 1401 1399 1403
1393 1404 1405 1398
1394 1383 1384 1395
1396 1405 1403 1401
1397 1394 1395 1404
1397 1405 1405 1400
1398 1396 1391 1400
1398 1401 1396 1405
1399 1391 1391 1403
1401 1401 1414 1403
1402 1402 1403 1413
1402 1411 1411 1412
1403 1404 1412 1415
1404 1404 1407 1414
1404 1405 1412 1404
1404 1407 1401 1411
1404 1410 1407 1405
1405 1408 1407 1413
1408 1412 1401 1411
1409 1403 1404 1411
1409 1405 1404 1412
1409 1409 1406 1411
1410 1401 1408 1414
1411 1410 1401 1412
1411 1422 1418 1417
1412 1417 1413 1415
1412 1425 1413 1418
1414 1411 1416 1419
1414 1412 1413 1423
1414 1415 1425 1421
1414 1420 1425 1425
1414 1425 1417 1424
1415 1415 1412 1416
1415 1416 1415 1416
1416 1413 1413 1419
1416 1418 1418 1423
1420 1420 1416 1424
1420 1424 1418 1424
1421 1415 1424 1424
1421 1429 1430 1423
1422 1422 1422 1433
1422 1425 1428 1433
1422 1425 1434 1429
1422 1430 1433 1422
1423 1431 1421 1435
1423 1434 1426 1428
1424 1434 1424 1425
1426 1422 1427 1434
1426 1427 1430 1431
1427 1435 1432 1428
1428 1425 1425 1430
1428 1429 1431 1429
1429 1430 1423 1433
1431 1440 1444 1435
1432 1432 1438 1437
1432 1439 1438 1445
1432 1442 1439 1437
1432 1444 1445 1432
1433 1432 1442 1444
1433 1445 1440 1436
1434 1426 1422 1435
1434 1441 1439 1439
1435 1441 1437 1441
1436 1436 1431 1438
1436 1441 1437 1441
1438 1436 1431 1441
1439 1437 1442 1444
1441 1442 1447 1444
1441 1444 1451 1452
1441 1452 1454 1453
1441 1454 1455 1441
1442 1432 1435 1444
1442 1435 1438 1444
1442 1444 1448 1449
1442 1448 1446 1453
1442 1452 1452 1445
1443 1449 1453 1454
1443 1453 1451 1447
1444 1442 1452 1446
1446 1444 1449 1454
1449 1454 1448 1454
1450 1443 1451 1455
1451 1444 1454 1453
1451 1453 1452 1460
1451 1454 1460 1455
1451 1462 1458 1460
1451 1463 1461 1456
1452 1450 1444 1453
1452 1456 1459 1465
1453 1452 1454 1463
1453 1459 1465 1459
1453 1461 1465 1461
1455 1459 1460 1465
1456 1454 1451 1457
1456 1463 1455 1458
1458 1458 1455 1463
1458 1458 1465 1460
1459 1454 1462 1460
1460 1465 1465 1463
1461 1474 1461 1465
1463 1465 1466 1468
1464 1462 1475 1471
1465 1464 1466 1475
1465 1464 1474 1472
1465 1472 1468 1466
1465 1475 1467 1473
1466 1465 1473 1468
1466 1471 1465 1468
1466 1471 1468 1474
1467 1465 1465 1467
1468 1472 1471 1472
1469 1464 1470 1473
1470 1471 1461 1474
1471 1479 1475 1477
1472 1467 1471 1474
1472 1476 1474 1478
1472 1476 1480 1481
1472 1479 1481 1483
1472 1484 1479 1478
1473 1483 1485 1483
1475 1485 1484 1485
1476 1475 1475 1476
1476 1478 1484 1480
1477 1474 1483 1477
1479 1481 1485 1482
1480 1471 1472 1485
1480 1480 1471 1485
1480 1480 1480 1485
1481 1480 1485 1484
1481 1481 1486 1488
1481 1486 1490 1495
1482 1481 1484 1492
1482 1486 1481 1489
1482 1490 1490 1493
1483 1493 1484 1486
1483 1494 1493 1484
1483 1495 1482 1486
1484 1487 1485 1493
1484 1494 1486 1487
1485 1484 1494 1488
1486 1490 1495 1486
1487 1483 1483 1489
1488 1488 1490 1489
1491 1481 1491 1492
1491 1503 1491 1503
1492 1494 1498 1495
1494 1491 1496 1497
1494 1498 1500 1501
1495 1496 1495 1501
1496 1493 1495 1501
1497 1499 1503 1503
1498 1492 1501 1505
1499 1502 1502 1499
1500 1502 1491 1504
1501 1493 1492 1503
1501 1494 1497 1504
1501 1497 1502 1501
1501 1503 1501 1504
1501 1509 1512 1512
1502 1513 1505 1515
1503 1502 1506 1503
1503 1512 1503 1510
1504 1504 1501 1505
1504 1509 1515 1504
1504 1510 1513 1514
1505 1503 1511 1511
1505 1503 1513 1509
1505 1505 1503 1514
1506 1503 1507 1509
1506 1507 1510 1513
1509 1501 1502 1509
1509 1509 1505 1512
1511 1512 1517 1511
1511 1517 1519 1519
1511 1520 1525 1514
1512 1511 1504 1513
1512 1512 1521 1524
1512 1515 1514 1521
1512 1515 1523 1513
1513 1514 1515 1519
1513 1519 1519 1522
1514 1502 1515 1515
1517 1514 1520 1521
1518 1514 1520 1521
1520 1512 1520 1521
1520 1522 1522 1522
1521 1525 1512 1523
1521 1525 1526 1521
1523 1518 1515 1525
1523 1531 1522 1534
1523 1535 1526 1526
1524 1514 1523 1524
1524 1529 1526 1528
1526 1530 1534 1534
1526 1531 1532 1530
1527 1526 1529 1535
1527 1530 1535 1532
1527 1532 1528 1532
1527 1532 1533 1533
1528 1532 1524 1533
1530 1523 1526 1534
1530 1528 1522 1531
1531 1531 1540 1534
1532 1534 1532 1535
1532 1541 1538 1542
1533 1526 1530 1535
1533 1535 1539 1544
1533 1536 1543 1537
1533 1542 1539 1537
1534 1524 1521 1535
1535 1541 1543 1543
1535 1543 1541 1538
1537 1541 1542 1544
1538 1535 1538 1541
1539 1538 1544 1541
1539 1545 1544 1544
1541 1540 1534 1545
1541 1545 1541 1546
1541 1547 1551 1542
1541 1550 1543 1555
1541 1552 1543 1544
1542 1549 1554 1554
1542 1550 1552 1548
1543 1536 1533 1545
1543 1541 1541 1544
1543 1549 1549 1547
1543 1552 1551 1551
1544 1541 1553 1548
1544 1555 1553 1549
1546 1552 1543 1549
1548 1552 1553 1555
1550 1547 1551 1555
1551 1551 1541 1555
1552 1553 1548 1555
1552 1553 1557 1556
1552 1554 1564 1560
1553 1558 1555 1564
1554 1558 1554 1564
1556 1560 1562 1563
1556 1562 1559 1565
1557 1560 1558 1565
1558 1552 1552 1562
1560 1552 1559 1561
1561 1557 1552 1565
1561 1560 1553 1563
1561 1563 1570 1565
1561 1567 1562 1565
1561 1571 1574 1574
1561 1574 1563 1574
1562 1551 1559 1565
1562 1559 1560 1562
1562 1565 1563 1572
1563 1561 1561 1566
1563 1569 1572 1568
1564 1551 1561 1564
1564 1567 1572 1575
1564 1568 1574 1564
1565 1557 1564 1565
1565 1566 1561 1568
1566 1567 1571 1573
1566 1573 1570 1568
1568 1565 1561 1569
1571 1564 1569 1572
1571 1571 1580 1575
1571 1573 1572 1582
1571 1575 1583 1571
1573 1569 1568 1575
1573 1572 1576 1577
1573 1578 1572 1581
1573 1583 1573 1575
1573 1583 1577 1583
1573 1585 1579 1580
1575 1576 1578 1575
1576 1573 1574 1579
1577 1571 1583 1581
1577 1585 1582 1580
1582 1581 1579 1583
1582 1581 1585 1585
1582 1589 1588 1590
1582 1590 1588 1585
1583 1592 1585 1593
1583 1594 1581 1595
1584 1573 1577 1584
1584 1581 1581 1588
1584 1590 1584 1593
1585 1585 1586 1592
1585 1586 1591 1590
1585 1595 1594 1590
1586 1591 1581 1593
1588 1582 1586 1595
1588 1586 1593 1593
1589 1595 1595 1593
1592 1594 1602 1599
1592 1595 1600 1593
1592 1599 1605 1594
1592 1604 1596 1601
1592 1605 1601 1604
1593 1601 1601 1600
1594 1586 1584 1595
1594 1588 1591 1594
1595 1602 1604 1596
1595 1604 1591 1603
1595 1604 1595 1599
1596 1598 1595 1602
1597 1591 1603 1601
1597 1591 1604 1602
1597 1593 1604 1599
1601 1606 1608 1609
1601 1615 1613 1611
1602 1602 1606 1606
1603 1602 1606 1610
1603 1603 1603 1604
1603 1605 1603 1604
1603 1612 1606 1610
1603 1613 1610 1607
1604 1603 1601 1614
1604 1614 1601 1606
1605 1602 1614 1610
1605 1604 1606 1606
1605 1606 1612 1610
1605 1613 1614 1610
1606 1601 1608 1611
1607 1603 1601 1609
1611 1605 1604 1612
1611 1611 1612 1625
1611 1620 1615 1625
1612 1612 1620 1624
1612 1616 1618 1613
1612 1617 1615 1620
1612 1620 1625 1617
1612 1622 1615 1613
1612 1625 1624 1620
1614 1624 1618 1620
1615 1611 1611 1619
1615 1618 1616 1620
1617 1621 1617 1620
1620 1621 1624 1621
1621 1614 1624 1623
1621 1624 1622 1625
1621 1631 1628 1627
1621 1634 1627 1635
1621 1635 1631 1624
1622 1615 1623 1625
1623 1629 1626 1631
1624 1629 1630 1635
1624 1633 1628 1627
1625 1630 1629 1626
1626 1623 1624 1630
1626 1626 1622 1628
1626 1628 1627 1629
1627 1626 1635 1632
1628 1632 1621 1631
1629 1632 1630 1635
1631 1635 1642 1632
1631 1638 1643 1643
1631 1639 1640 1642
1632 1634 1621 1633
1632 1638 1644 1641
1632 1639 1642 1638
1632 1641 1631 1635
1633 1633 1636 1639
1633 1634 1641 1633
1634 1638 1636 1642
1635 1642 1645 1636
1635 1643 1631 1643
1636 1643 1633 1643
1636 1644 1640 1645
1637 1645 1636 1639
1642 1645 1649 1642
1642 1648 1653 1655
1643 1641 1648 1646
1643 1644 1643 1649
1644 1639 1637 1645
1644 1644 1647 1650
1645 1642 1648 1646
1646 1646 1648 1649
1647 1651 1645 1648
1648 1650 1642 1649
1649 1650 1651 1650
1649 1655 1651 1655
1650 1646 1645 1651
1650 1651 1646 1652
1651 1647 1652 1653
1651 1652 1646 1654
1651 1662 1664 1657
1652 1658 1659 1657
1652 1660 1660 1656
1652 1664 1661 1659
1653 1655 1656 1660
1653 1655 1659 1661
1653 1665 1651 1660
1654 1656 1661 1664
1654 1663 1653 1660
1656 1656 1660 1662
1657 1657 1662 1662
1658 1654 1652 1663
1658 1662 1651 1662
1660 1665 1664 1665
1661 1664 1668 1669
1661 1665 1661 1663
1661 1665 1675 1663
1661 1672 1672 1665
1663 1654 1655 1663
1663 1670 1670 1664
1663 1674 1665 1668
1664 1671 1669 1673
1664 1675 1673 1673
1665 1669 1674 1666
1665 1670 1675 1674
1665 1673 1664 1675
1667 1661 1675 1674
1668 1675 1669 1672
1671 1677 1672 1676
1672 1670 1661 1674
1672 1680 1674 1683
1672 1681 1683 1679
1673 1665 1669 1674
1673 1683 1682 1674
1676 1673 1673 1679
1677 1673 1678 1680
1678 1672 1675 1684
1678 1674 1672 1683
1678 1684 1681 1685
1679 1685 1683 1683
1680 1672 1682 1684
1680 1680 1677 1685
1682 1681 1674 1684
1682 1693 1693 1684
1683 1681 1683 1691
1683 1683 1684 1684
1683 1687 1689 1686
1683 1690 1690 1686
1683 1694 1684 1684
1683 1695 1692 1685
1684 1672 1673 1684
1684 1685 1682 1693
1685 1686 1683 1687
1686 1694 1691 1694
1688 1681 1695 1693
1688 1685 1685 1693
1688 1689 1687 1694
1689 1688 1689 1689
1690 1681 1694 1691
1691 1696 1697 1704
1692 1682 1689 1692
1692 1701 1691 1700
1693 1695 1701 1700
1693 1700 1704 1703
1693 1703 1699 1697
1693 1704 1694 1694
1694 1694 1698 1703
1695 1698 1702 1705
1695 1705 1692 1696
1696 1700 1695 1702
1697 1691 1703 1700
1697 1692 1694 1705
1697 1698 1702 1705
1700 1693 1698 1703
1701 1691 1691 1702
1701 1701 1711 1709
1701 1704 1706 1714
1701 1714 1711 1712
1702 1705 1702 1711
1703 1701 1714 1708
1703 1703 1713 1708
1704 1705 1702 1713
1704 1710 1701 1714
1706 1711 1711 1711
1707 1706 1710 1711
1708 1705 1708 1712
1709 1703 1713 1714
1710 1708 1715 1714
1711 1703 1709 1715
1711 1714 1714 1724
1713 1713 1721 1718
1713 1721 1712 1714
1714 1715 1704 1715
1714 1724 1718 1716
1715 1725 1720 1723
1717 1718 1722 1718
1718 1715 1715 1722
1718 1719 1720 1723
1719 1715 1715 1720
1719 1718 1722 1720
1719 1721 1714 1723
1719 1721 1718 1722
1721 1714 1712 1724
1721 1719 1720 1721
1722 1721 1731 1727
1722 1732 1723 1728
1722 1734 1728 1734
1723 1711 1712 1723
1723 1728 1726 1726
1724 1726 1735 1727
1724 1732 1724 1725
1725 1727 1722 1735
1725 1735 1725 1734
1726 1735 1723 1732
1727 1729 1733 1735
1727 1731 1733 1732
1730 1730 1730 1734
1730 1732 1721 1731
1731 1730 1724 1735
1731 1731 1738 1732
1731 1732 1723 1732
1731 1739 1731 1742
1731 1741 1740 1741
1731 1742 1744 1731
1731 1744 1744 1739
1732 1731 1743 1744
1732 1739 1735 1734
1733 1731 1737 1743
1733 1744 1745 1738
1736 1738 1731 1745
1737 1742 1741 1739
1739 1732 1734 1740
1741 1745 1745 1741
1741 1745 1754 1752
1741 1748 1747 1742
1742 1731 1741 1745
1742 1753 1748 1743
1742 1754 1750 1752
1743 1746 1749 1752
1744 1737 1742 1744
1744 1750 1754 1754
1744 1754 1743 1745
1745 1741 1741 1753
1746 1750 1753 1746
1748 1744 1746 1752
1748 1752 1752 1754
1749 1749 1744 1753
1750 1752 1742 1751
1750 1754 1745 1754
1751 1764 1755 1763
1752 1761 1758 1764
1753 1751 1750 1755
1753 1752 1755 1755
1753 1754 1753 1764
1753 1762 1756 1764
1753 1763 1753 1761
1754 1752 1762 1754
1755 1754 1764 1759
1755 1755 1757 1763
1756 1762 1762 1761
1757 1752 1755 1758
1757 1761 1758 1764
1757 1762 1753 1762
1759 1755 1751 1760
1761 1760 1755 1763
1761 1762 1770 1772
1761 1766 1766 1775
1761 1770 1761 1768
1761 1771 1766 1766
1762 1766 1763 1767
1762 1773 1769 1770
1764 1761 1764 1766
1765 1762 1775 1774
1765 1765 1768 1766
1768 1764 1765 1770
1768 1771 1763 1772
1770 1773 1765 1772
1771 1770 1769 1773
1772 1766 1763 1774
1772 1776 1773 1773
1772 1784 1778 1782
1774 1764 1761 1775
1775 1772 1783 1776
1775 1773 1776 1779
1775 1776 1775 1777
1775 1784 1777 1781
1775 1785 1773 1781
1777 1774 1779 1779
1777 1779 1778 1780
1777 1783 1775 1779
1778 1781 1772 1785
1778 1782 1777 1781
1779 1784 1771 1780
1781 1771 1777 1784
1781 1783 1791 1781
1781 1785 1785 1792
1782 1787 1788 1795
1782 1791 1793 1785
1782 1792 1784 1784
1783 1782 1782 1783
1783 1782 1795 1784
1783 1783 1790 1791
1784 1783 1786 1785
1785 1790 1781 1792
1786 1782 1788 1789
1786 1793 1793 1788
1787 1788 1788 1795
1788 1794 1787 1792
1789 1788 1793 1792
1791 1783 1790 1791
1791 1794 1804 1798
1791 1799 1793 1802
1791 1800 1792 1800
1792 1794 1802 1797
1793 1792 1795 1802
1793 1804 1798 1795
1793 1805 1799 1801
1794 1794 1792 1800
1794 1795 1792 1800
1795 1801 1796 1804
1797 1801 1802 1797
1798 1805 1801 1804
1800 1795 1805 1803
1800 1801 1804 1805
1801 1801 1806 1805
1801 1813 1805 1811
1801 1813 1812 1810
1802 1804 1803 1814
1802 1804 1804 1804
1802 1808 1811 1809
1803 1795 1800 1804
1803 1815 1804 1807
1804 1806 1803 1812
1804 1808 1808 1810
1805 1806 1815 1813
1806 1806 1811 1807
1806 1808 1811 1810
1808 1809 1813 1815
1808 1811 1803 1812
1810 1802 1810 1815
1811 1819 1824 1819
1811 1822 1823 1824
1811 1824 1820 1815
1812 1811 1822 1821
1813 1814 1817 1814
1813 1823 1811 1815
1815 1812 1825 1823
1815 1815 1813 1821
1815 1819 1825 1824
1818 1817 1822 1824
1818 1825 1816 1819
1819 1813 1814 1823
1819 1821 1817 1824
1821 1834 1822 1830
1822 1821 1822 1822
1822 1824 1812 1825
1822 1834 1828 1835
1822 1834 1829 1824
1823 1821 1820 1824
1824 1832 1825 1826
1825 1830 1828 1831
1826 1823 1832 1834
1826 1825 1830 1831
1826 1825 1834 1834
1827 1826 1832 1834
1828 1834 1825 1832
1830 1833 1834 1832
1832 1835 1835 1840
1832 1838 1839 1843
1833 1830 1834 1834
1833 1833 1843 1842
1833 1834 1821 1834
1834 1831 1834 1834
1834 1832 1840 1844
1835 1832 1840 1844
1836 1843 1835 1838
1837 1832 1837 1844
1837 1833 1845 1839
1837 1836 1835 1845
1838 1831 1844 1843
1838 1835 1844 1842
1838 1842 1835 1842
1838 1845 1841 1845
1839 1841 1845 1842
1840 1844 1844 1841
1841 1849 1849 1845
1841 1850 1853 1842
1842 1843 1855 1848
1842 1854 1855 1853
1842 1855 1853 1848
1844 1844 1849 1853
1845 1842 1852 1847
1845 1845 1844 1848
1845 1845 1854 1846
1845 1849 1845 1846
1846 1842 1853 1852
1847 1850 1842 1850
1847 1854 1851 1854
1850 1852 1850 1854
1851 1854 1854 1852
1851 1857 1859 1852
1852 1844 1853 1855
1852 1851 1851 1860
1852 1864 1858 1864
1853 1855 1865 1860
1856 1851 1856 1856
1856 1854 1852 1859
1856 1859 1854 1862
1857 1854 1864 1858
1857 1856 1855 1865
1857 1865 1862 1865
1858 1863 1858 1864
1859 1859 1863 1862
1861 1853 1861 1862
1861 1857 1863 1863
1861 1862 1861 1869
1861 1863 1870 1873
1861 1870 1874 1862
1862 1863 1872 1862
1862 1865 1870 1872
1863 1865 1863 1869
1864 1861 1866 1867
1864 1862 1869 1864
1865 1864 1870 1867
1865 1864 1874 1874
1865 1868 1873 1869
1868 1864 1871 1875
1868 1869 1862 1874
1869 1862 1862 1871
1869 1867 1868 1874
1871 1880 1881 1884
1872 1879 1882 1882
1872 1881 1871 1885
1873 1873 1878 1880
1873 1875 1873 1882
1873 1885 1871 1881
1874 1884 1880 1876
1876 1872 1873 1882
1876 1882 1876 1885
1876 1883 1880 1881
1878 1872 1881 1878
1880 1879 1876 1882
1881 1889 1881 1886
1881 1889 1892 1887
1881 1895 1881 1891
1882 1878 1871 1884
1882 1879 1878 1883
1882 1886 1887 1891
1884 1874 1884 1885
1884 1881 1883 1893
1885 1889 1885 1895
1885 1890 1883 1887
1886 1894 1894 1889
1887 1884 1884 1894
1889 1881 1882 1895
1889 1893 1886 1894
1890 1890 1889 1891
1891 1884 1888 1893
1891 1886 1881 1892
1891 1892 1891 1896
1891 1899 1898 1904
1891 1903 1902 1894
1892 1882 1884 1895
1892 1892 1892 1892
1892 1896 1893 1904
1892 1898 1901 1898
1893 1892 1901 1904
1893 1905 1892 1901
1895 1895 1900 1905
1896 1894 1900 1902
1897 1902 1901 1903
1898 1901 1905 1901
1898 1902 1905 1901
1900 1899 1904 1904
1902 1904 1902 1903
1902 1910 1907 1903
1902 1914 1908 1910
1903 1901 1910 1908
1903 1907 1907 1913
1903 1910 1909 1915
1904 1902 1904 1913
1904 1903 1908 1913
1904 1905 1903 1915
1904 1906 1902 1912
1904 1910 1915 1910
1907 1913 1902 1913
1909 1907 1911 1915
1909 1910 1905 1911
1909 1912 1908 1915
1910 1915 1911 1911
1911 1913 1913 1918
1911 1925 1918 1913
1912 1914 1923 1922
1912 1917 1916 1917
1912 1924 1912 1923
1913 1920 1924 1915
1914 1911 1916 1914
1914 1918 1919 1916
1914 1919 1918 1918
1914 1925 1912 1924
1916 1911 1916 1924
1916 1913 1920 1916
1917 1925 1925 1922
1918 1921 1916 1919
1921 1923 1922 1931
1921 1931 1921 1928
1921 1931 1931 1928
1921 1934 1930 1924
1921 1935 1933 1926
1922 1927 1934 1925
1923 1927 1925 1932
1923 1931 1926 1932
1924 1924 1924 1927
1924 1935 1930 1934
1925 1918 1919 1925
1925 1922 1930 1932
1926 1924 1931 1927
1926 1925 1926 1934
1928 1927 1932 1933
1931 1924 1932 1934
1931 1932 1936 1941
1932 1937 1936 1945
1932 1939 1943 1940
1932 1943 1931 1942
1933 1932 1931 1945
1933 1943 1937 1945
1934 1932 1937 1937
1934 1940 1943 1939
1934 1945 1940 1941
1936 1932 1933 1938
1936 1933 1939 1941
1937 1933 1937 1938
1937 1937 1943 1939
1937 1938 1931 1940
1938 1934 1934 1942
1941 1945 1953 1949
1941 1946 1945 1942
1941 1949 1946 1944
1942 1944 1949 1946
1942 1944 1954 1948
1943 1943 1952 1948
1943 1955 1948 1945
1944 1950 1950 1944
1944 1954 1954 1948
1945 1942 1952 1953
1945 1952 1943 1954
1947 1948 1951 1954
1947 1954 1952 1953
1950 1951 1954 1954
1951 1954 1946 1955
1951 1957 1959 1957
1951 1958 1956 1962
1952 1952 1953 1956
1953 1963 1957 1965
1953 1965 1960 1960
1954 1952 1963 1956
1955 1954 1960 1963
1955 1956 1958 1964
1956 1963 1955 1958
1957 1954 1951 1960
1957 1957 1965 1963
1958 1959 1961 1961
1959 1954 1964 1960
1961 1961 1975 1969
1962 1973 1970 1965
1963 1951 1964 1964
1963 1962 1955 1965
1963 1969 1967 1968
1963 1974 1969 1971
1963 1975 1967 1966
1963 1975 1972 1964
1964 1961 1970 1966
1966 1965 1963 1971
1967 1973 1967 1974
1968 1970 1966 1975
1969 1962 1970 1969
1969 1972 1963 1972
1969 1974 1973 1972
1970 1968 1975 1975
1971 1961 1962 1973
1971 1973 1985 1981
1971 1974 1973 1983
1971 1977 1983 1976
1971 1980 1973 1985
1971 1982 1971 1975
1971 1985 1980 1982
1972 1983 1979 1982
1973 1977 1983 1980
1973 1985 1977 1984
1975 1972 1973 1981
1975 1975 1976 1979
1977 1971 1979 1984
1977 1979 1985 1978
1979 1982 1973 1985
1982 1978 1981 1984
1982 1982 1985 1983
1982 1989 1989 1990
1982 1992 1988 1991
1985 1983 1986 1991
1985 1988 1994 1988
1986 1983 1989 1990
1987 1994 1983 1989
1988 1986 1986 1990
1988 1992 1981 1990
1989 1981 1985 1992
1989 1982 1994 1994
1990 1987 1993 1991
1991 1987 1982 1992
1991 1990 1986 1994
1991 1995 2000 2002
1991 1996 2002 1992
1991 1997 2005 1991
1992 1990 1981 1994
1992 1994 1999 1992
1992 2000 1996 2001
1992 2003 1991 1993
1993 1992 2001 1993
1993 2002 1997 1999
1995 1995 1998 2001
1995 2003 1996 2001
1997 1998 2001 2003
1999 2000 1995 2004
2000 1992 1993 2001
2001 2009 2011 2003
2001 2010 2012 2009
2001 2015 2005 2008
2002 2012 2007 2005
2003 2015 2002 2004
2004 2001 2005 2004
2004 2002 2003 2004
2004 2002 2009 2015
2004 2013 2008 2013
2004 2015 2006 2012
2005 2001 2013 2015
2006 2012 2014 2015
2007 2014 2001 2011
2009 2005 2003 2012
2011 2003 2011 2011
2011 2022 2025 2016
2012 2016 2013 2015
2012 2019 2024 2016
2012 2022 2014 2023
2012 2024 2020 2020
2013 2012 2012 2014
2013 2014 2009 2014
2013 2020 2012 2016
2013 2023 2020 2020
2014 2019 2013 2025
2015 2013 2019 2019
2015 2014 2023 2018
2017 2015 2025 2022
2018 2016 2022 2019
2020 2025 2012 2022
2021 2023 2012 2024
2021 2029 2035 2031
2021 2034 2025 2025
2021 2035 2030 2030
2022 2017 2021 2023
2022 2024 2022 2034
2022 2028 2022 2035
2022 2032 2034 2034
2024 2030 2024 2027
2025 2024 2024 2029
2025 2034 2031 2028
2027 2023 2027 2034
2028 2033 2032 2033
2029 2026 2033 2034
2029 2032 2022 2030
2030 2023 2024 2031
2030 2029 2024 2033
2031 2031 2038 2044
2031 2035 2038 2034
2031 2038 2036 2037
2031 2038 2044 2038
2031 2039 2033 2034
2031 2044 2034 2043
2031 2044 2041 2041
2032 2042 2034 2045
2032 2042 2044 2032
2035 2035 2033 2040
2035 2043 2032 2036
2036 2034 2039 2036
2037 2041 2034 2042
2038 2034 2036 2044
2039 2034 2038 2039
2041 2050 2049 2046
2042 2048 2047 2049
2042 2055 2041 2052
2043 2048 2042 2048
2043 2053 2051 2050
2044 2045 2045 2049
2044 2046 2050 2045
2045 2048 2052 2050
2045 2049 2055 2052
2046 2053 2051 2051
2047 2049 2044 2052
2048 2051 2053 2053
2049 2048 2053 2054
2049 2052 2047 2055
2051 2060 2052 2056
2052 2046 2055 2052
2052 2051 2063 2063
2052 2052 2054 2058
2052 2053 2058 2060
2052 2059 2064 2057
2052 2061 2053 2058
2053 2065 2056 2063
2054 2053 2064 2058
2054 2056 2054 2062
2054 2059 2063 2056
2055 2056 2054 2061
2055 2058 2061 2056
2056 2058 2052 2062
2061 2061 2064 2066
2061 2064 2066 2066
2062 2064 2061 2065
2062 2075 2072 2072
2063 2064 2065 2074
2064 2061 2057 2065
2064 2063 2065 2069
2065 2072 2072 2069
2066 2062 2075 2074
2066 2071 2065 2075
2066 2075 2069 2069
2067 2070 2069 2068
2068 2065 2069 2072
2068 2073 2062 2075
2071 2075 2070 2072
2071 2083 2072 2081
2072 2071 2069 2074
2072 2085 2076 2074
2073 2078 2084 2076
2073 2084 2082 2079
2074 2076 2077 2078
2074 2083 2074 2078
2074 2083 2084 2083
2075 2063 2067 2075
2075 2073 2074 2077
2077 2076 2074 2083
2077 2084 2080 2085
2078 2075 2083 2079
2078 2076 2071 2079
2078 2077 2073 2079
2079 2072 2083 2081
2081 2085 2074 2085
2081 2087 2092 2091
2081 2091 2090 2095
2082 2091 2087 2093
2082 2093 2090 2085
2084 2082 2082 2095
2084 2088 2093 2092
2084 2089 2095 2085
2084 2093 2085 2093
2085 2088 2095 2094
2085 2091 2081 2086
2087 2093 2091 2095
2089 2088 2089 2091
2090 2082 2082 2091
2091 2084 2092 2093
2091 2096 2092 2093
2091 2096 2093 2096
2091 2097 2091 2104
2091 2097 2101 2096
2093 2092 2093 2099
2093 2094 2093 2100
2093 2095 2100 2093
2093 2097 2100 2102
2094 2088 2089 2094
2094 2092 2094 2099
2095 2091 2097 2101
2095 2096 2096 2096
2095 2097 2095 2104
2096 2094 2100 2104
2097 2099 2093 2099
2099 2094 2093 2103
2101 2107 2115 2114
2102 2106 2104 2115
2104 2103 2110 2111
2105 2103 2114 2114
2106 2101 2115 2107
2106 2102 2114 2106
2106 2107 2110 2110
2106 2107 2113 2109
2108 2115 2107 2114
2109 2101 2103 2111
2109 2107 2104 2111
2109 2108 2104 2111
2109 2108 2105 2110
2111 2119 2119 2118
2111 2125 2125 2125
2112 2111 2124 2120
2113 2101 2102 2113
2114 2102 2104 2115
2114 2117 2118 2119
2116 2113 2120 2123
2116 2118 2125 2122
2116 2119 2125 2118
2116 2123 2120 2117
2116 2123 2120 2120
2117 2123 2114 2119
2118 2113 2122 2118
2119 2119 2121 2120
2120 2112 2123 2120
2120 2123 2117 2121
2122 2112 2123 2124
2122 2132 2126 2125
2123 2124 2125 2134
2123 2131 2121 2134
2123 2131 2130 2135
2123 2132 2127 2135
2124 2121 2123 2135
2124 2122 2131 2124
2124 2126 2132 2124
2124 2135 2126 2135
2126 2124 2124 2133
2128 2124 2123 2135
2130 2127 2126 2135
2131 2130 2128 2135
2131 2142 2136 2138
2132 2137 2133 2141
2133 2126 2133 2135
2133 2127 2133 2135
2134 2134 2143 2134
2135 2134 2142 2144
2135 2135 2141 2145
2135 2142 2141 2141
2135 2143 2134 2138
2136 2132 2144 2138
2136 2139 2143 2137
2138 2138 2137 2140
2138 2141 2145 2140
2139 2135 2135 2139
2139 2138 2140 2141
2141 2155 2150 2151
2142 2142 2145 2154
2143 2140 2136 2144
2143 2143 2154 2149
2143 2148 2144 2150
2143 2151 2149 2145
2144 2135 2144 2144
2144 2141 2150 2149
2144 2145 2154 2144
2146 2148 2150 2154
2146 2149 2154 2153
2147 2145 2147 2152
2148 2141 2154 2150
2149 2142 2147 2155
2150 2154 2153 2152
2151 2160 2151 2155
2151 2162 2163 2163
2152 2152 2153 2153
2152 2160 2154 2159
2152 2162 2157 2161
2153 2156 2159 2162
2154 2145 2142 2155
2154 2162 2154 2164
2155 2143 2151 2155
2155 2155 2162 2162
2155 2161 2151 2164
2155 2165 2157 2160
2156 2155 2162 2162
2158 2163 2165 2164
2161 2153 2164 2165
2161 2164 2172 2173
2162 2165 2151 2163
2162 2171 2162 2163
2163 2162 2155 2165
2163 2172 2175 2167
2163 2175 2164 2175
2164 2174 2170 2175
2165 2165 2165 2171
2165 2166 2163 2169
2166 2161 2170 2170
2166 2169 2162 2167
2166 2174 2166 2169
2167 2174 2161 2172
2170 2168 2171 2171
2171 2162 2173 2171
2171 2166 2164 2172
2171 2171 2165 2174
2171 2171 2182 2176
2171 2182 2174 2172
2171 2183 2174 2179
2172 2180 2172 2182
2172 2184 2179 2181
2172 2184 2182 2181
2173 2178 2172 2174
2174 2178 2183 2184
2177 2184 2185 2179
2178 2174 2182 2181
2178 2182 2171 2183
2181 2184 2195 2186
2181 2186 2186 2189
2182 2177 2179 2182
2182 2192 2190 2183
2183 2175 2179 2184
2183 2176 2185 2184
2183 2180 2177 2184
2183 2189 2189 2187
2183 2194 2193 2193
2184 2184 2191 2186
2184 2187 2183 2190
2184 2193 2193 2186
2186 2184 2185 2187
2186 2184 2192 2190
2186 2194 2186 2194
2187 2189 2193 2190
2188 2191 2194 2193
2191 2186 2190 2192
2191 2187 2183 2192
2191 2194 2192 2204
2191 2195 2193 2202
2191 2198 2199 2197
2192 2200 2191 2201
2193 2192 2194 2204
2193 2198 2205 2197
2193 2203 2191 2198
2194 2192 2205 2205
2194 2198 2199 2204
2195 2205 2197 2205
2196 2194 2197 2204
2197 2196 2205 2201
2199 2203 2201 2201
2200 2199 2202 2204
2202 2198 2195 2203
2202 2205 2203 2213
2202 2214 2204 2208
2203 2201 2214 2208
2203 2206 2214 2215
2203 2209 2215 2204
2203 2212 2212 2208
2204 2201 2205 2212
2204 2202 2209 2208
2204 2210 2211 2215
2208 2207 2209 2214
2209 2201 2212 2212
2209 2212 2204 2210
2210 2212 2203 2214
2211 2211 2215 2213
2212 2215 2221 2225
2213 2205 2206 2214
2213 2213 2215 2213
2213 2216 2220 2218
2213 2219 2213 2217
2214 2219 2217 2217
2215 2222 2212 2218
2216 2214 2224 2220
2218 2225 2213 2221
2219 2219 2220 2224
2219 2220 2217 2222
2219 2225 2221 2220
2220 2218 2217 2222
2220 2222 2221 2222
2221 2221 2221 2225
2221 2229 2233 2224
2221 2232 2235 2225
2222 2220 2211 2223
2222 2228 2229 2229
2222 2230 2223 2226
2222 2234 2228 2223
2223 2223 2232 2231
2223 2228 2229 2230
2223 2228 2233 2224
2223 2233 2222 2235
2224 2234 2222 2230
2226 2231 2231 2228
2226 2233 2224 2232
2229 2223 2228 2235
2231 2224 2227 2232
2231 2233 2221 2233
2231 2236 2244 2235
2231 2242 2232 2234
2231 2243 2243 2244
2232 2232 2244 2245
2233 2241 2243 2245
2233 2245 2237 2236
2234 2231 2244 2244
2234 2234 2240 2245
2235 2232 2239 2241
2236 2238 2239 2239
2237 2236 2233 2243
2238 2234 2235 2240
2239 2242 2236 2244
2241 2245 2245 2241
2241 2248 2252 2244
2241 2249 2252 2243
2241 2253 2247 2247
2242 2242 2246 2254
2242 2242 2251 2246
2243 2243 2241 2244
2243 2244 2241 2245
2244 2244 2254 2252
2246 2241 2249 2248
2249 2255 2247 2253
2250 2242 2253 2251
2250 2247 2249 2252
2251 2242 2254 2251
2251 2248 2255 2255
2251 2255 2258 2251
2251 2256 2264 2263
2252 2247 2249 2255
2252 2251 2252 2255
2252 2256 2251 2260
2252 2265 2256 2253
2253 2265 2256 2260
2254 2265 2260 2264
2255 2252 2256 2264
2255 2253 2262 2259
2255 2262 2260 2259
2258 2259 2260 2260
2258 2260 2263 2264
2258 2264 2253 2262
2259 2257 2263 2264
2261 2260 2262 2265
2261 2261 2275 2265
2261 2264 2270 2261
2262 2263 2263 2267
2263 2262 2261 2272
2263 2263 2253 2265
2264 2273 2271 2275
2265 2262 2272 2275
2265 2273 2265 2269
2265 2274 2268 2271
2266 2269 2270 2273
2268 2272 2261 2273
2269 2266 2275 2270
2269 2270 2270 2272
2270 2261 2263 2272
2271 2272 2267 2273
2271 2279 2274 2279
2271 2281 2280 2284
2272 2264 2269 2275
2272 2273 2285 2283
2272 2283 2272 2279
2273 2271 2284 2279
2273 2274 2278 2276
2273 2275 2275 2285
2273 2280 2280 2275
2273 2281 2274 2278
2273 2284 2284 2284
2274 2271 2279 2275
2275 2271 2280 2277
2275 2277 2281 2282
2276 2272 2274 2283
2279 2272 2283 2284
2281 2285 2282 2283
2281 2286 2281 2283
2281 2286 2282 2288
2281 2288 2283 2293
2282 2294 2286 2283
2283 2284 2287 2292
2284 2289 2294 2294
2284 2295 2286 2295
2284 2295 2289 2287
2286 2285 2292 2288
2288 2286 2291 2290
2288 2287 2284 2295
2289 2282 2281 2291
2289 2282 2283 2291
2291 2291 2297 2293
2291 2305 2303 2299
2292 2301 2299 2302
2292 2304 2294 2295
2292 2304 2296 2299
2293 2292 2287 2295
2293 2302 2293 2298
2295 2294 2293 2296
2295 2296 2304 2302
2295 2299 2291 2301
2296 2301 2299 2300
2299 2298 2303 2304
2299 2300 2301 2302
2301 2298 2304 2305
2301 2307 2305 2302
2302 2305 2307 2311
2303 2300 2297 2305
2303 2304 2293 2305
2303 2304 2313 2305
2303 2314 2302 2315
2303 2314 2313 2305
2303 2315 2314 2312
2304 2301 2312 2312
2306 2310 2312 2306
2306 2313 2306 2313
2307 2303 2304 2310
2307 2306 2303 2308
2307 2307 2310 2307
2308 2302 2309 2310
2310 2307 2314 2313
2311 2312 2312 2322
2311 2314 2319 2318
2311 2322 2318 2315
2312 2324 2319 2324
2313 2322 2311 2321
2314 2306 2308 2315
2314 2311 2323 2315
2315 2312 2312 2315
2315 2322 2324 2319
2315 2323 2318 2319
2316 2323 2317 2323
2316 2324 2320 2317
2317 2321 2321 2324
2317 2325 2311 2319
2318 2313 2319 2318
2321 2327 2332 2328
2321 2331 2323 2333
2322 2316 2321 2323
2322 2324 2321 2326
2323 2334 2326 2327
2325 2334 2323 2335
2326 2322 2333 2335
2326 2332 2322 2333
2327 2321 2332 2331
2328 2324 2333 2328
2330 2321 2328 2334
2330 2327 2329 2331
2330 2329 2324 2334
2330 2332 2335 2332
2330 2334 2322 2334
2331 2328 2334 2335
2331 2333 2331 2333
2332 2337 2335 2333
2332 2337 2336 2336
2332 2341 2334 2338
2333 2345 2345 2345
2335 2332 2335 2335
2335 2335 2338 2342
2335 2342 2345 2341
2336 2341 2338 2340
2337 2332 2334 2343
2337 2345 2333 2344
2338 2332 2343 2345
2338 2343 2345 2343
2338 2344 2335 2343
2340 2336 2344 2341
2342 2351 2348 2346
2343 2345 2346 2343
2343 2347 2352 2350
2343 2350 2353 2347
2343 2351 2352 2352
2343 2355 2348 2346
2344 2343 2354 2351
2345 2344 2355 2355
2345 2347 2346 2354
2345 2353 2355 2350
2345 2355 2355 2353
2347 2341 2345 2347
2347 2351 2343 2349
2350 2347 2353 2353
2351 2357 2358 2353
2352 2363 2353 2355
2353 2344 2355 2353
2353 2356 2364 2363
2354 2352 2358 2360
2354 2354 2355 2360
2355 2351 2354 2361
2355 2363 2352 2363
2355 2364 2360 2364
2358 2364 2352 2361
2358 2365 2364 2359
2360 2357 2354 2363
2360 2361 2361 2365
2361 2361 2367 2372
2361 2363 2360 2363
2361 2365 2362 2372
2361 2365 2363 2373
2362 2352 2354 2362
2362 2361 2375 2372
2362 2371 2370 2365
2363 2363 2370 2372
2363 2367 2371 2373
2363 2374 2374 2364
2363 2375 2374 2373
2364 2351 2360 2364
2364 2366 2372 2365
2364 2368 2368 2374
2364 2373 2365 2375
2367 2362 2367 2371
2367 2372 2363 2375
2368 2372 2369 2375
2371 2375 2373 2380
2371 2385 2382 2374
2372 2377 2374 2384
2372 2381 2373 2380
2372 2383 2385 2377
2373 2376 2382 2385
2375 2378 2371 2381
2375 2379 2380 2382
2377 2371 2384 2384
2377 2384 2383 2384
2379 2381 2380 2383
2380 2376 2381 2382
2380 2376 2385 2382
2381 2381 2390 2394
2381 2383 2386 2389
2381 2393 2388 2387
2382 2371 2377 2382
2382 2383 2382 2388
2382 2385 2384 2384
2382 2386 2385 2383
2382 2394 2393 2389
2383 2373 2384 2383
2383 2383 2385 2388
2383 2387 2395 2392
2384 2387 2387 2389
2384 2393 2381 2391
2385 2385 2382 2388
2386 2381 2390 2390
2387 2394 2386 2393
2388 2393 2388 2391
2391 2391 2394 2393
2392 2395 2405 2400
2393 2391 2391 2399
2393 2391 2398 2395
2393 2402 2397 2405
2395 2392 2393 2402
2395 2400 2402 2401
2395 2401 2392 2399
2396 2395 2397 2402
2396 2400 2405 2396
2398 2391 2393 2402
2399 2391 2404 2399
2401 2395 2397 2402
2401 2401 2402 2405
2401 2407 2407 2413
2401 2414 2408 2409
2402 2406 2410 2410
2402 2410 2404 2414
2402 2415 2414 2403
2403 2405 2403 2404
2404 2403 2405 2408
2404 2408 2410 2408
2405 2409 2409 2413
2406 2405 2408 2413
2406 2411 2413 2415
2409 2405 2414 2414
2410 2402 2406 2415
2411 2411 2411 2414
2411 2413 2414 2413
2411 2423 2421 2422
2412 2406 2413 2415
2412 2408 2407 2415
2412 2417 2421 2416
2413 2414 2421 2413
2414 2411 2423 2416
2414 2420 2422 2420
2415 2416 2419 2423
2417 2413 2420 2422
2417 2414 2421 2423
2417 2416 2414 2418
2417 2416 2418 2424
2418 2417 2424 2424
2419 2417 2417 2422
2419 2418 2411 2423
2421 2428 2425 2424
2422 2423 2426 2427
2422 2424 2421 2425
2423 2423 2430 2434
2423 2431 2433 2426
2424 2423 2425 2435
2424 2423 2428 2427
2425 2431 2434 2431
2426 2422 2431 2430
2427 2434 2435 2430
2428 2431 2421 2433
2430 2427 2428 2430
2431 2430 2430 2432
2431 2433 2440 2437
2432 2426 2424 2434
2432 2434 2442 2441
2432 2435 2436 2439
2433 2431 2434 2435
2433 2435 2437 2438
2433 2444 2440 2443
2434 2431 2431 2435
2435 2432 2432 2437
2435 2434 2432 2438
2436 2434 2441 2438
2436 2437 2435 2437
2436 2437 2439 2443
2437 2438 2434 2438
2438 2435 2439 2438
2438 2440 2442 2443
2441 2448 2445 2450
2441 2448 2455 2442
2441 2454 2452 2446
2441 2455 2453 2453
2442 2442 2454 2450
2442 2443 2453 2447
2442 2444 2444 2442
2443 2451 2450 2446
2443 2453 2454 2447
2444 2453 2444 2454
2445 2442 2443 2445
2445 2445 2443 2452
2447 2444 2446 2449
2447 2452 2450 2450
2447 2455 2451 2448
2450 2452 2441 2452
2450 2453 2442 2454
2451 2452 2465 2462
2451 2453 2462 2463
2451 2458 2465 2464
2451 2461 2451 2464
2452 2455 2456 2457
2452 2463 2452 2464
2453 2455 2465 2463
2453 2463 2454 2462
2453 2465 2461 2458
2454 2452 2451 2460
2454 2454 2461 2457
2455 2454 2462 2464
2457 2456 2451 2460
2458 2457 2458 2464
2460 2451 2464 2464
2461 2461 2475 2463
2461 2463 2468 2474
2461 2466 2465 2471
2461 2475 2461 2474
2462 2461 2469 2468
2462 2462 2475 2469
2462 2466 2465 2464
2463 2465 2468 2472
2463 2465 2471 2465
2463 2475 2466 2466
2465 2466 2475 2473
2465 2473 2474 2467
2466 2462 2468 2469
2468 2463 2462 2469
2469 2466 2468 2471
2471 2474 2471 2478
2471 2483 2472 2477
2471 2485 2472 2472
2472 2478 2484 2476
2472 2484 2477 2477
2473 2476 2472 2479
2473 2483 2473 2478
2474 2482 2479 2479
2475 2473 2485 2479
2477 2473 2479 2481
2478 2479 2478 2481
2478 2483 2474 2483
2479 2473 2484 2483
2480 2472 2473 2483
2481 2477 2475 2483
2481 2484 2485 2486
2483 2484 2495 2494
2483 2487 2487 2487
2483 2493 2483 2493
2484 2484 2484 2493
2484 2485 2482 2485
2484 2492 2494 2487
2485 2490 2491 2485
2485 2491 2492 2492
2486 2483 2492 2492
2486 2485 2481 2491
2486 2491 2489 2495
2487 2482 2487 2493
2487 2491 2495 2495
2491 2491 2502 2494
2491 2499 2491 2505
2493 2493 2503 2494
2493 2495 2501 2501
2494 2487 2489 2495
2494 2499 2499 2501
2496 2494 2498 2501
2497 2493 2497 2503
2497 2497 2504 2498
2497 2499 2503 2504
2497 2500 2504 2501
2498 2504 2497 2504
2499 2503 2501 2502
2500 2503 2495 2504
2500 2505 2498 2501
2501 2506 2506 2511
2501 2506 2515 2510
2501 2508 2512 2511
2501 2510 2509 2503
2502 2506 2511 2507
2502 2509 2501 2509
2502 2510 2508 2513
2503 2495 2505 2504
2503 2514 2503 2505
2506 2515 2503 2514
2507 2506 2513 2510
2507 2515 2513 2510
2507 2515 2514 2510
2508 2506 2501 2509
2510 2511 2510 2514
2511 2518 2512 2522
2511 2524 2521 2513
2512 2506 2511 2514
2512 2514 2519 2521
2514 2514 2517 2525
2514 2516 2522 2524
2514 2521 2524 2522
2515 2516 2523 2522
2517 2514 2512 2523
2517 2514 2523 2518
2517 2515 2519 2522
2519 2514 2523 2520
2519 2516 2525 2523
2520 2521 2512 2521
2521 2521 2522 2521
2521 2521 2524 2521
2521 2528 2524 2533
2521 2529 2524 2524
2521 2534 2525 2535
2522 2531 2534 2533
2523 2521 2521 2527
2524 2521 2523 2529
2524 2527 2532 2531
2524 2529 2535 2534
2524 2535 2527 2533
2528 2523 2533 2532
2528 2526 2532 2533
2528 2529 2525 2529
2530 2534 2531 2533
2531 2527 2534 2531
2531 2531 2532 2537
2531 2537 2541 2545
2532 2531 2533 2543
2532 2537 2545 2540
2532 2545 2532 2535
2534 2528 2533 2535
2534 2536 2534 2545
2535 2538 2542 2537
2536 2532 2544 2542
2538 2545 2539 2543
2539 2538 2533 2545
2539 2541 2532 2543
2541 2539 2542 2544
2541 2539 2545 2544
2541 2545 2547 2555
2542 2542 2534 2544
2543 2548 2553 2547
2543 2551 2554 2544
2544 2536 2543 2545
2544 2541 2545 2553
2544 2547 2545 2551
2545 2551 2542 2549
2545 2553 2541 2547
2546 2545 2554 2555
2546 2554 2541 2553
2546 2555 2549 2548
2547 2548 2549 2554
2549 2552 2552 2550
2550 2554 2545 2551
2551 2557 2554 2557
2551 2557 2555 2554
2552 2561 2557 2556
2552 2562 2565 2557
2553 2545 2551 2554
2553 2550 2551 2555
2553 2553 2554 2564
2553 2556 2552 2563
2553 2565 2554 2565
2555 2555 2557 2561
2556 2561 2561 2562
2556 2562 2558 2563
2557 2560 2561 2561
2559 2554 2553 2561
2559 2565 2560 2564
2561 2562 2566 2566
2561 2571 2571 2566
2561 2574 2562 2572
2562 2575 2575 2573
2563 2556 2565 2565
2563 2563 2565 2569
2563 2572 2568 2569
2564 2553 2558 2564
2564 2572 2566 2573
2565 2562 2562 2567
2565 2570 2563 2566
2565 2574 2567 2567
2566 2566 2572 2566
2566 2569 2564 2573
2567 2574 2569 2575
2569 2564 2569 2569
2571 2571 2584 2572
2571 2577 2578 2573
2571 2578 2575 2575
2571 2585 2583 2581
2572 2569 2574 2574
2572 2580 2582 2580
2573 2572 2583 2585
2573 2577 2577 2579
2574 2571 2575 2583
2574 2572 2576 2584
2574 2582 2573 2577
2576 2579 2581 2578
2576 2580 2575 2579
2577 2578 2574 2584
2578 2571 2572 2579
2578 2585 2581 2582
2581 2588 2594 2582
2581 2590 2595 2590
2583 2591 2589 2584
2583 2592 2588 2590
2583 2592 2589 2593
2585 2592 2590 2594
2586 2582 2589 2592
2587 2586 2582 2592
2588 2585 2583 2594
2588 2586 2588 2593
2589 2584 2585 2591
2590 2589 2584 2592
2590 2595 2595 2593
2591 2592 2595 2593
2591 2592 2600 2603
2591 2595 2585 2594
2591 2603 2592 2596
2592 2587 2587 2595
2592 2599 2598 2594
2592 2602 2602 2598
2592 2605 2599 2593
2593 2593 2602 2599
2594 2592 2599 2600
2597 2595 2603 2599
2597 2605 2603 2601
2599 2592 2598 2605
2600 2598 2598 2605
2601 2601 2593 2602
2601 2604 2605 2602
2602 2593 2600 2605
2603 2603 2603 2603
2603 2612 2612 2606
2604 2596 2596 2605
2605 2604 2607 2609
2605 2610 2606 2614
2605 2610 2613 2610
2606 2604 2611 2607
2607 2604 2613 2607
2607 2611 2613 2615
2608 2605 2615 2611
2608 2615 2601 2614
2610 2601 2615 2610
2610 2615 2601 2613
2611 2604 2613 2613
2612 2619 2612 2625
2612 2621 2615 2620
2613 2611 2623 2623
2614 2605 2607 2615
2614 2611 2625 2621
2614 2625 2623 2619
2615 2621 2624 2623
2615 2623 2624 2616
2616 2614 2625 2620
2618 2621 2612 2620
2619 2618 2611 2624
2619 2619 2623 2621
2619 2625 2622 2625
2620 2618 2617 2625
2621 2624 2622 2622
2621 2625 2634 2630
2621 2625 2635 2629
2621 2631 2621 2629
2622 2635 2634 2631
2623 2632 2623 2628
2624 2618 2622 2625
2625 2622 2623 2634
2625 2628 2633 2635
2625 2632 2627 2626
2626 2630 2635 2628
2626 2635 2621 2633
2628 2623 2635 2634
2628 2633 2634 2631
2631 2621 2628 2633
2632 2622 2625 2634
2633 2631 2644 2639
2633 2634 2642 2645
2634 2643 2638 2639
2635 2623 2632 2635
2635 2637 2637 2639
2635 2644 2634 2641
2636 2634 2645 2645
2636 2641 2633 2640
2637 2633 2636 2639
2637 2636 2644 2640
2637 2640 2631 2639
2638 2638 2638 2644
2639 2643 2636 2643
2640 2631 2637 2643
2640 2644 2634 2642
2641 2641 2646 2647
2641 2646 2647 2644
2641 2649 2655 2644
2641 2651 2653 2651
2642 2638 2637 2643
2642 2649 2655 2646
2644 2641 2651 2652
2644 2650 2652 2645
2645 2652 2650 2650
2645 2654 2655 2648
2646 2651 2649 2651
2648 2655 2648 2650
2649 2650 2645 2653
2650 2647 2653 2655
2650 2648 2643 2654
2651 2650 2644 2652
2651 2654 2663 2656
2651 2662 2654 2662
2651 2664 2651 2654
2652 2664 2660 2665
2653 2660 2654 2663
2654 2652 2659 2661
2654 2655 2655 2656
2655 2656 2659 2661
2655 2663 2661 2658
2655 2665 2656 2657
2656 2657 2658 2660
2656 2665 2660 2660
2658 2664 2654 2660
2661 2661 2669 2665
2661 2662 2661 2663
2662 2660 2659 2665
2662 2662 2670 2668
2662 2664 2662 2664
2662 2671 2661 2668
2663 2663 2675 2675
2663 2674 2664 2672
2664 2662 2668 2673
2664 2670 2669 2665
2666 2663 2662 2671
2667 2663 2662 2670
2667 2671 2664 2673
2668 2672 2671 2670
2669 2666 2663 2675
2671 2676 2682 2684
2671 2677 2672 2675
2671 2682 2674 2674
2672 2669 2675 2675
2673 2671 2662 2674
2673 2676 2675 2684
2673 2678 2673 2679
2674 2675 2671 2682
2674 2682 2672 2675
2676 2672 2674 2679
2676 2674 2678 2679
2676 2684 2683 2680
2677 2676 2685 2678
2678 2685 2674 2679
2678 2685 2684 2685
2680 2674 2679 2681
2682 2687 2694 2691
2683 2689 2689 2688
2683 2692 2684 2684
2683 2692 2686 2684
2684 2671 2675 2685
2685 2694 2681 2688
2685 2695 2685 2688
2685 2695 2687 2689
2687 2682 2684 2687
2687 2688 2690 2689
2688 2685 2686 2693
2689 2681 2692 2692
2689 2685 2681 2695
2690 2694 2682 2692
2691 2685 2687 2692
2692 2696 2698 2699
2692 2705 2697 2696
2693 2685 2688 2694
2693 2701 2695 2704
2693 2702 2696 2699
2694 2692 2696 2704
2694 2695 2704 2696
2695 2699 2705 2702
2695 2701 2698 2701
2696 2692 2704 2700
2696 2702 2697 2700
2697 2700 2702 2698
2698 2703 2703 2701
2699 2692 2697 2701
2701 2692 2701 2704
2701 2698 2705 2705
2701 2703 2711 2706
2701 2710 2705 2709
2701 2710 2709 2715
2702 2704 2706 2706
2703 2706 2702 2704
2704 2709 2708 2706
2705 2709 2701 2715
2705 2710 2714 2707
2706 2702 2712 2711
2706 2707 2701 2712
2706 2715 2702 2712
2708 2704 2714 2708
2709 2701 2712 2714
2709 2713 2715 2712
2711 2709 2707 2713
2711 2715 2712 2716
2711 2718 2722 2722
2712 2711 2715 2714
2712 2724 2715 2718
2713 2715 2714 2718
2713 2718 2721 2722
2713 2724 2712 2715
2715 2717 2717 2717
2715 2721 2720 2722
2716 2725 2723 2721
2718 2717 2723 2722
2718 2720 2724 2721
2719 2714 2720 2720
2720 2712 2719 2724
2721 2733 2734 2728
2721 2734 2728 2734
2721 2734 2733 2731
2721 2735 2727 2724
2722 2729 2732 2735
2723 2722 2731 2733
2723 2724 2716 2724
2723 2724 2733 2724
2724 2724 2727 2734
2725 2733 2722 2729
2725 2734 2729 2735
2728 2722 2729 2728
2728 2724 2724 2735
2728 2730 2722 2731
2730 2735 2730 2732
2731 2732 2737 2734
2731 2737 2742 2737
2731 2745 2736 2736
2732 2735 2725 2734
2732 2737 2736 2742
2733 2732 2742 2733
2734 2742 2745 2738
2734 2743 2740 2745
2735 2740 2735 2738
2736 2733 2738 2737
2736 2743 2734 2740
2737 2743 2738 2739
2740 2737 2745 2743
2740 2740 2734 2743
2740 2741 2736 2743
2741 2737 2735 2744
2741 2750 2741 2742
2742 2752 2743 2753
2743 2744 2755 2749
2743 2748 2743 2749
2743 2750 2744 2750
2743 2750 2754 2749
2744 2752 2743 2750
2744 2753 2752 2746
2744 2754 2751 2754
2745 2747 2748 2747
2745 2748 2755 2750
2746 2742 2751 2746
2748 2752 2743 2753
2750 2745 2747 2752
2751 2755 2753 2763
2751 2757 2758 2765
2751 2759 2752 2757
2752 2741 2746 2753
2752 2760 2756 2760
2753 2764 2762 2756
2754 2755 2758 2764
2754 2760 2752 2757
2755 2755 2753 2761
2756 2752 2762 2757
2757 2764 2765 2762
2758 2753 2761 2761
2759 2755 2751 2760
2759 2760 2759 2761
2759 2762 2758 2760
2760 2762 2758 2765
2761 2767 2774 2761
2761 2773 2771 2762
2761 2774 2764 2775
2762 2767 2773 2773
2762 2773 2773 2765
2762 2775 2762 2774
2763 2767 2770 2767
2763 2768 2771 2768
2764 2772 2773 2772
2765 2765 2773 2774
2765 2775 2766 2774
2766 2775 2771 2772
2767 2762 2769 2774
2769 2764 2767 2774
2771 2776 2773 2772
2771 2777 2772 2776
2772 2771 2772 2775
2772 2771 2773 2775
2772 2772 2781 2777
2773 2771 2778 2785
2773 2783 2785 2777
2773 2785 2782 2776
2774 2775 2775 2782
2774 2776 2772 2777
2774 2781 2777 2777
2776 2773 2783 2781
2777 2775 2785 2778
2777 2783 2782 2784
2781 2781 2781 2794
2781 2793 2786 2789
2781 2795 2792 2785
2782 2771 2778 2785
2782 2783 2783 2784
2782 2783 2787 2793
2782 2785 2784 2791
2783 2781 2774 2785
2783 2787 2781 2792
2787 2789 2785 2795
2788 2785 2784 2793
2788 2789 2791 2794
2789 2784 2782 2794
2789 2790 2782 2794
2791 2791 2797 2794
2791 2796 2805 2805
2791 2801 2804 2792
2792 2792 2794 2792
2792 2793 2794 2792
2792 2796 2794 2798
2792 2801 2794 2795
2793 2789 2794 2793
2794 2800 2805 2794
2795 2795 2793 2803
2796 2799 2804 2797
2798 2793 2800 2801
2798 2804 2800 2803
2800 2794 2793 2802
2800 2794 2804 2804
2800 2803 2805 2800
2801 2798 2802 2802
2801 2802 2807 2808
2801 2809 2812 2807
2801 2813 2811 2815
2802 2805 2813 2809
2803 2806 2802 2809
2804 2809 2803 2807
2804 2811 2802 2811
2804 2811 2804 2814
2805 2796 2798 2805
2806 2804 2810 2811
2806 2805 2806 2813
2807 2806 2803 2813
2807 2813 2811 2812
2809 2802 2814 2810
2811 2802 2811 2814
2811 2815 2818 2815
2811 2816 2824 2813
2812 2801 2815 2815
2812 2821 2814 2817
2814 2815 2813 2825
2815 2818 2820 2815
2815 2821 2817 2817
2816 2812 2824 2821
2816 2820 2811 2824
2816 2822 2819 2818
2817 2812 2816 2823
2817 2818 2812 2825
2818 2815 2811 2823
2818 2815 2822 2823
2821 2821 2821 2825
2821 2823 2823 2832
2822 2824 2833 2827
2822 2827 2824 2833
2823 2813 2818 2823
2823 2832 2831 2830
2823 2833 2833 2831
2823 2834 2829 2833
2824 2831 2830 2829
2824 2835 2834 2828
2825 2830 2830 2830
2825 2833 2830 2835
2825 2834 2829 2828
2825 2835 2827 2826
2827 2825 2832 2830
2828 2832 2824 2831
2829 2821 2826 2834
2831 2838 2842 2838
2831 2845 2845 2841
2832 2832 2836 2835
2832 2838 2836 2844
2833 2835 2844 2844
2833 2836 2845 2844
2833 2837 2833 2843
2833 2845 2841 2834
2834 2843 2842 2843
2835 2834 2835 2844
2835 2838 2832 2839
2835 2842 2837 2837
2835 2844 2843 2842
2837 2838 2836 2840
2839 2832 2845 2842
2841 2849 2844 2845
2842 2844 2847 2844
2842 2844 2851 2854
2842 2848 2851 2846
2844 2846 2849 2846
2844 2847 2852 2854
2845 2842 2852 2845
2845 2852 2844 2850
2846 2845 2847 2852
2847 2853 2855 2848
2848 2851 2843 2852
2849 2841 2855 2855
2851 2861 2859 2862
2851 2863 2857 2856
2853 2846 2841 2855
2853 2850 2848 2855
2853 2851 2858 2864
2853 2856 2859 2860
2854 2850 2848 2855
2854 2852 2861 2856
2854 2859 2859 2861
2855 2853 2856 2855
2855 2859 2861 2865
2855 2860 2851 2860
2856 2856 2853 2864
2860 2859 2861 2864
2860 2861 2859 2861
2861 2855 2856 2864
2861 2862 2866 2863
2861 2865 2853 2863
2861 2871 2866 2865
2861 2875 2863 2869
2863 2854 2860 2864
2863 2863 2862 2865
2863 2866 2871 2863
2863 2868 2869 2874
2863 2869 2862 2870
2864 2872 2863 2874
2865 2867 2873 2869
2865 2870 2871 2875
2865 2871 2864 2875
2869 2874 2863 2872
2871 2864 2869 2873
2871 2876 2882 2880
2871 2877 2875 2874
2871 2879 2873 2884
2871 2881 2882 2879
2872 2865 2866 2873
2872 2866 2863 2873
2872 2881 2874 2881
2873 2873 2876 2879
2873 2879 2871 2879
2874 2880 2876 2880
2874 2883 2872 2883
2874 2884 2879 2884
2876 2882 2872 2879
2877 2876 2882 2882
2878 2874 2880 2880
2879 2879 2873 2885
2881 2895 2883 2895
2882 2872 2875 2883
2882 2884 2893 2887
2883 2884 2881 2886
2883 2884 2890 2890
2883 2891 2890 2887
2883 2893 2888 2892
2884 2882 2882 2885
2884 2882 2886 2891
2884 2892 2887 2890
2884 2892 2895 2894
2885 2881 2890 2893
2885 2890 2890 2893
2886 2881 2883 2888
2888 2895 2883 2892
2889 2889 2889 2893
2891 2897 2905 2896
2891 2899 2902 2897
2891 2901 2899 2899
2892 2898 2903 2893
2892 2905 2900 2897
2893 2893 2900 2902
2893 2902 2893 2901
2894 2893 2892 2901
2894 2902 2901 2903
2894 2904 2892 2897
2896 2898 2892 2903
2896 2902 2900 2902
2898 2899 2894 2899
2899 2897 2897 2902
2900 2891 2897 2904
2901 2910 2906 2910
2901 2914 2906 2908
2903 2901 2908 2903
2903 2904 2904 2905
2903 2905 2906 2904
2903 2914 2903 2912
2903 2915 2902 2904
2904 2907 2902 2909
2904 2909 2912 2911
2906 2901 2907 2908
2907 2915 2913 2913
2908 2907 2913 2909
2910 2904 2915 2914
2911 2901 2911 2914
2911 2919 2924 2913
2912 2920 2919 2917
2913 2914 2921 2915
2913 2924 2921 2914
2914 2906 2903 2915
2914 2919 2922 2917
2918 2913 2923 2919
2918 2916 2913 2925
2918 2917 2924 2921
2918 2919 2919 2920
2918 2925 2916 2923
2920 2913 2912 2921
2921 2924 2929 2928
2921 2935 2928 2929
2922 2911 2917 2924
2922 2915 2918 2924
2922 2928 2923 2929
2923 2921 2921 2923
2923 2924 2911 2924
2923 2925 2932 2935
2923 2931 2929 2932
2923 2932 2931 2931
2924 2912 2925 2924
2925 2922 2924 2930
2925 2925 2929 2928
2927 2925 2932 2935
2927 2929 2934 2931
2928 2925 2925 2933
2931 2932 2924 2932
2931 2932 2933 2935
2931 2938 2942 2942
2931 2939 2945 2938
2933 2922 2933 2933
2933 2931 2932 2934
2933 2942 2936 2934
2934 2932 2941 2944
2935 2935 2931 2940
2935 2944 2931 2941
2936 2934 2945 2944
2936 2943 2936 2942
2937 2934 2936 2945
2937 2936 2945 2942
2938 2939 2932 2942
2940 2934 2932 2945
2941 2949 2954 2955
2941 2951 2953 2954
2941 2955 2955 2945
2942 2941 2943 2944
2942 2942 2945 2947
2942 2945 2954 2942
2942 2946 2947 2949
2942 2952 2952 2946
2943 2950 2951 2953
2944 2937 2941 2944
2945 2953 2950 2953
2946 2947 2949 2949
2946 2954 2942 2952
2946 2955 2941 2952
2948 2941 2954 2950
2949 2945 2950 2953
2950 2943 2955 2951
2952 2958 2965 2954
2952 2965 2957 2958
2953 2953 2963 2957
2953 2956 2954 2955
2953 2960 2951 2954
2954 2963 2953 2961
2955 2961 2964 2965
2956 2957 2963 2961
2956 2958 2963 2965
2956 2964 2957 2965
2957 2953 2965 2957
2958 2961 2962 2960
2959 2965 2952 2964
2960 2957 2955 2963
2961 2967 2975 2963
2962 2961 2962 2964
2963 2971 2973 2967
2964 2970 2964 2975
2964 2971 2975 2966
2964 2972 2966 2969
2965 2961 2970 2965
2965 2962 2975 2970
2965 2970 2961 2973
2965 2973 2962 2968
2966 2965 2973 2968
2966 2969 2973 2974
2966 2970 2970 2972
2967 2968 2972 2969
2967 2972 2967 2975
2971 2969 2971 2974
2971 2980 2982 2980
2971 2981 2981 2973
2972 2978 2977 2984
2972 2984 2981 2975
2973 2982 2983 2980
2974 2979 2976 2983
2975 2973 2971 2977
2975 2985 2973 2982
2976 2974 2984 2976
2977 2984 2982 2984
2978 2975 2977 2982
2978 2984 2974 2980
2981 2972 2982 2982
2981 2981 2972 2985
2981 2988 2984 2987
2982 2974 2977 2982
2982 2981 2991 2985
2982 2983 2995 2986
2982 2987 2981 2992
2982 2988 2981 2985
2982 2994 2982 2988
2983 2993 2983 2989
2984 2983 2991 2985
2986 2992 2985 2991
2987 2981 2986 2995
2987 2986 2994 2995
2987 2993 2982 2988
2988 2990 2985 2989
2989 2992 2995 2990
2990 2991 2992 2995
2991 2996 3000 2995
2991 3002 2993 2997
2992 3004 2993 3004
2993 2999 2992 2999
2995 2994 2994 3005
2995 3000 3003 3005
2996 3000 2995 3001
2996 3003 3003 2998
2996 3004 2996 3002
2997 3004 3001 2999
2998 3003 2993 3002
2998 3005 3005 3000
3000 3000 2996 3005
3001 2999 2998 3004
3001 3001 3001 3013
3001 3005 3002 3002
3002 2991 2995 3002
3002 3004 3008 3009
3004 3002 3001 3013
3004 3012 3006 3007
3005 3003 3015 3015
3005 3009 3015 3014
3007 3003 3015 3014
3007 3007 3002 3014
3007 3011 3011 3015
3007 3015 3006 3014
3008 3008 3004 3014
3009 3009 3007 3015
3009 3010 3011 3011
3011 3014 3022 3023
3011 3019 3016 3016
3012 3001 3003 3014
3014 3015 3024 3016
3014 3018 3025 3025
3014 3019 3025 3025
3016 3021 3012 3024
3016 3023 3017 3023
3017 3019 3025 3018
3019 3012 3013 3021
3020 3011 3021 3023
3020 3024 3025 3021
3021 3011 3017 3021
3021 3022 3019 3024
3021 3025 3023 3029
3022 3015 3022 3023
3022 3025 3018 3024
3022 3028 3029 3028
3022 3030 3029 3030
3022 3035 3035 3032
3023 3025 3027 3026
3023 3025 3030 3031
3023 3033 3022 3029
3024 3032 3029 3029
3025 3023 3029 3025
3025 3026 3022 3028
3026 3027 3034 3030
3026 3030 3032 3026
3026 3031 3033 3028
3027 3025 3026 3035
3031 3037 3037 3043
3031 3039 3037 3041
3031 3041 3033 3039
3032 3025 3035 3034
3032 3035 3035 3040
3032 3037 3035 3033
3032 3043 3044 3039
3033 3041 3037 3043
3034 3035 3038 3034
3035 3031 3034 3037
3035 3036 3034 3041
3035 3042 3038 3043
3035 3042 3039 3040
3036 3032 3041 3045
3037 3037 3037 3043
3041 3041 3042 3052
3043 3031 3042 3043
3043 3045 3049 3047
3043 3047 3051 3054
3043 3050 3041 3044
3043 3054 3041 3054
3044 3041 3052 3045
3044 3052 3045 3047
3044 3052 3048 3052
3046 3047 3043 3053
3047 3053 3042 3055
3047 3053 3052 3051
3048 3043 3049 3051
3048 3044 3049 3055
3049 3043 3047 3051
3051 3060 3058 3062
3051 3062 3057 3061
3051 3063 3058 3053
3052 3062 3051 3055
3053 3065 3059 3063
3054 3053 3059 3059
3055 3041 3053 3055
3056 3051 3063 3059
3057 3063 3063 3058
3060 3052 3053 3063
3060 3060 3061 3060
3061 3053 3061 3065
3061 3061 3060 3062
3061 3061 3075 3061
3061 3066 3064 3066
3061 3066 3068 3065
3061 3068 3071 3063
3061 3070 3071 3061
3061 3072 3074 3065
3061 3075 3074 3070
3062 3053 3056 3064
3062 3062 3073 3073
3062 3075 3061 3066
3063 3056 3065 3063
3063 3062 3073 3072
3063 3068 3075 3064
3064 3060 3059 3065
3066 3065 3067 3068
3070 3062 3064 3071
3070 3068 3069 3074
3070 3070 3072 3075
3071 3076 3079 3083
3071 3084 3081 3080
3072 3081 3072 3083
3073 3071 3073 3074
3073 3078 3083 3080
3074 3082 3073 3077
3074 3082 3074 3078
3075 3075 3077 3076
3075 3084 3077 3079
3077 3072 3079 3083
3077 3075 3077 3081
3078 3079 3081 3085
3079 3072 3071 3084
3079 3074 3085 3081
3081 3074 3080 3085
3081 3085 3085 3091
3081 3091 3093 3094
3081 3092 3091 3092
3081 3094 3091 3085
3082 3081 3083 3084
3082 3084 3083 3087
3082 3087 3086 3095
3082 3095 3088 3089
3083 3084 3092 3094
3083 3092 3091 3093
3085 3081 3087 3086
3085 3095 3085 3088
3087 3082 3085 3089
3089 3081 3082 3092
3091 3104 3095 3096
3092 3098 3105 3102
3093 3088 3087 3094
3095 3096 3105 3101
3095 3099 3102 3100
3095 3104 3098 3100
3097 3091 3094 3105
3097 3096 3100 3102
3097 3096 3104 3097
3097 3096 3105 3102
3097 3097 3096 3101
3099 3098 3098 3105
3099 3105 3104 3102
3100 3096 3105 3101
3101 3103 3102 3105
3101 3111 3111 3111
3102 3095 3091 3105
3102 3113 3104 3106
3103 3110 3114 3114
3104 3091 3102 3105
3104 3101 3102 3114
3104 3106 3113 3108
3105 3107 3106 3108
3106 3101 3104 3115
3106 3105 3108 3108
3106 3110 3109 3110
3107 3103 3106 3114
3109 3101 3107 3109
3109 3106 3115 3109
3110 3109 3103 3115
3111 3120 3119 3116
3112 3113 3120 3112
3113 3111 3105 3114
3113 3113 3115 3116
3113 3114 3112 3117
3113 3118 3114 3119
3115 3115 3114 3117
3115 3115 3120 3117
3115 3117 3125 3123
3118 3116 3121 3122
3119 3117 3113 3125
3120 3123 3114 3125
3121 3125 3123 3124
3121 3125 3125 3127
3121 3126 3133 3121
3121 3128 3122 3133
3122 3123 3123 3125
3122 3124 3114 3124
3122 3126 3125 3127
3122 3126 3128 3127
3122 3127 3135 3129
3122 3133 3130 3128
3123 3121 3135 3126
3123 3122 3124 3134
3124 3119 3112 3125
3124 3124 3133 3131
3124 3128 3132 3133
3126 3128 3127 3130
3127 3129 3124 3128
3128 3131 3133 3128
3131 3124 3132 3135
3131 3136 3134 3139
3132 3144 3132 3145
3132 3144 3145 3133
3133 3139 3141 3143
3134 3139 3141 3142
3135 3131 3143 3143
3135 3134 3136 3144
3136 3135 3141 3137
3137 3142 3137 3139
3137 3144 3137 3141
3138 3134 3134 3141
3140 3137 3131 3144
3141 3137 3141 3143
3141 3143 3152 3151
3142 3147 3144 3144
3142 3153 3142 3150
3142 3155 3152 3146
3144 3135 3134 3145
3144 3138 3145 3144
3144 3145 3147 3154
3144 3147 3150 3154
3145 3146 3152 3150
3145 3148 3148 3153
3147 3142 3150 3155
3147 3155 3150 3155
3149 3148 3153 3154
3149 3148 3154 3155
3149 3153 3149 3153
3150 3152 3152 3153
3151 3153 3154 3151
3151 3155 3154 3164
3151 3157 3162 3151
3152 3154 3153 3155
3153 3151 3158 3160
3153 3153 3144 3155
3153 3157 3165 3155
3153 3162 3158 3159
3157 3160 3159 3159
3158 3157 3158 3160
3158 3162 3159 3160
3158 3164 3152 3161
3159 3154 3151 3165
3160 3164 3163 3161
3161 3172 3171 3166
3162 3168 3165 3169
3163 3155 3151 3164
3163 3161 3166 3168
3163 3174 3170 3168
3163 3175 3164 3169
3164 3155 3165 3165
3164 3174 3161 3173
3165 3168 3164 3174
3165 3173 3167 3170
3165 3174 3162 3166
3166 3169 3163 3167
3169 3168 3163 3174
3170 3163 3174 3173
3171 3161 3166 3175
3171 3173 3175 3174
3173 3173 3174 3178
3173 3181 3174 3174
3174 3172 3173 3183
3174 3178 3176 3184
3174 3180 3172 3184
3174 3182 3179 3181
3174 3183 3184 3182
3175 3163 3175 3175
3176 3183 3181 3182
3178 3185 3173 3180
3179 3173 3175 3179
3180 3175 3177 3184
3180 3179 3181 3184
3181 3179 3185 3181
3181 3180 3184 3185
3183 3190 3194 3188
3184 3173 3176 3185
3184 3184 3181 3191
3184 3190 3189 3194
3185 3190 3188 3187
3185 3195 3185 3192
3186 3188 3192 3191
3186 3190 3186 3191
3186 3195 3187 3189
3187 3182 3192 3190
3187 3187 3189 3190
3190 3186 3182 3191
3191 3181 3193 3191
3191 3185 3186 3194
3191 3198 3195 3192
3191 3202 3195 3203
3192 3197 3194 3195
3193 3190 3191 3195
3193 3201 3203 3203
3194 3187 3191 3194
3194 3196 3204 3205
3194 3201 3191 3195
3195 3198 3198 3203
3195 3199 3192 3199
3195 3199 3200 3201
3195 3205 3200 3198
3196 3195 3191 3203
3198 3199 3193 3201
3199 3197 3192 3205
3202 3202 3215 3208
3202 3215 3211 3205
3203 3201 3202 3209
3203 3205 3198 3204
3203 3206 3206 3210
3203 3215 3205 3205
3204 3202 3214 3204
3204 3203 3207 3210
3205 3201 3202 3205
3205 3207 3207 3209
3205 3212 3210 3213
3207 3206 3202 3214
3207 3211 3210 3210
3207 3212 3206 3211
3208 3203 3212 3212
3209 3203 3209 3209
3211 3212 3214 3224
3211 3216 3217 3218
3211 3218 3219 3218
3211 3225 3215 3224
3212 3222 3223 3219
3213 3213 3218 3217
3213 3215 3219 3215
3214 3214 3214 3215
3214 3214 3224 3218
3215 3216 3218 3224
3215 3224 3224 3223
3216 3219 3219 3222
3220 3218 3223 3224
3221 3211 3221 3222
3221 3213 3223 3224
3221 3222 3227 3225
3221 3230 3223 3231
3221 3235 3222 3229
3222 3223 3224 3235
3224 3212 3215 3224
3224 3232 3235 3232
3225 3227 3227 3225
3226 3221 3227 3227
3226 3227 3233 3228
3226 3231 3228 3230
3227 3225 3225 3231
3228 3223 3224 3228
3229 3223 3227 3235
3231 3226 3233 3233
3231 3233 3237 3236
3232 3243 3232 3234
3232 3243 3239 3240
3232 3243 3240 3242
3232 3243 3243 3244
3234 3229 3231 3235
3234 3231 3223 3235
3234 3238 3234 3245
3235 3241 3240 3236
3236 3233 3236 3244
3236 3242 3236 3245
3236 3245 3241 3241
3237 3236 3237 3243
3237 3238 3243 3238
3239 3238 3235 3241
3241 3236 3231 3245
3241 3253 3249 3249
3242 3251 3246 3245
3242 3251 3246 3246
3242 3251 3254 3250
3243 3245 3254 3250
3243 3250 3254 3247
3244 3239 3236 3245
3245 3243 3243 3252
3245 3251 3242 3255
3246 3252 3255 3254
3247 3246 3255 3255
3248 3253 3243 3254
3249 3242 3241 3255
3249 3244 3242 3254
3250 3253 3242 3252
3251 3265 3259 3258
3252 3252 3257 3264
3252 3253 3260 3264
3252 3255 3241 3253
3252 3257 3257 3259
3253 3257 3252 3263
3253 3259 3257 3261
3254 3257 3261 3257
3255 3251 3259 3259
3255 3251 3264 3260
3255 3257 3261 3263
3255 3261 3257 3257
3256 3264 3253 3262
3257 3257 3256 3263
3258 3262 3260 3262
3258 3263 3262 3265
3261 3262 3273 3273
3261 3275 3273 3265
3262 3263 3261 3273
3262 3272 3265 3273
3263 3272 3265 3271
3263 3275 3271 3267
3265 3269 3261 3269
3266 3264 3261 3267
3266 3270 3270 3270
3267 3263 3269 3271
3269 3263 3263 3274
3270 3268 3263 3272
3270 3272 3266 3274
3271 3273 3274 3283
3272 3272 3279 3272
3272 3274 3273 3275
3272 3283 3273 3278
3274 3273 3271 3277
3274 3274 3281 3279
3274 3280 3281 3284
3275 3263 3273 3275
3275 3271 3284 3279
3275 3272 3283 3284
3275 3284 3285 3283
3276 3272 3280 3285
3277 3275 3282 3285
3277 3282 3278 3283
3279 3282 3280 3282
3281 3274 3285 3283
3281 3275 3277 3284
3282 3284 3292 3295
3282 3291 3286 3292
3283 3282 3281 3292
3284 3282 3281 3286
3284 3285 3281 3287
3284 3290 3284 3291
3284 3292 3287 3289
3285 3291 3284 3289
3285 3293 3287 3292
3286 3292 3287 3291
3287 3283 3295 3287
3289 3282 3293 3289
3289 3287 3288 3290
3290 3285 3291 3292
3290 3290 3295 3294
3291 3296 3300 3302
3291 3299 3292 3297
3292 3298 3292 3301
3292 3303 3298 3297
3292 3303 3299 3295
3293 3291 3295 3303
3293 3298 3301 3303
3295 3291 3298 3303
3295 3291 3304 3298
3295 3298 3297 3296
3295 3299 3296 3301
3295 3304 3292 3304
3296 3305 3295 3300
3297 3300 3300 3303
3301 3298 3299 3303
3301 3310 3301 3307
3301 3315 3308 3315
3304 3308 3301 3315
3304 3312 3305 3312
3305 3309 3315 3310
3305 3313 3305 3311
3306 3304 3313 3309
3306 3311 3303 3313
3307 3306 3301 3313
3308 3309 3301 3311
3308 3310 3311 3308
3309 3306 3312 3309
3309 3310 3306 3313
3310 3305 3308 3310
3311 3312 3324 3314
3311 3313 3313 3319
3311 3314 3312 3318
3312 3313 3324 3315
3312 3314 3307 3315
3312 3315 3313 3320
3312 3320 3314 3314
3312 3322 3317 3325
3313 3320 3318 3317
3314 3316 3316 3325
3314 3316 3325 3320
3314 3321 3317 3315
3315 3311 3316 3318
3317 3324 3313 3323
3318 3325 3314 3324
3321 3322 3324 3323
3321 3332 3326 3323
3321 3334 3334 3322
3322 3318 3317 3324
3322 3325 3325 3327
3322 3327 3322 3326
3322 3333 3333 3323
3323 3331 3329 3330
3323 3334 3327 3332
3324 3322 3327 3330
3324 3324 3328 3326
3325 3323 3331 3332
3325 3327 3327 3334
3327 3321 3335 3327
3329 3324 3326 3329
3331 3332 3339 3341
3331 3340 3339 3341
3331 3341 3341 3338
3332 3326 3328 3332
3332 3334 3344 3343
3332 3338 3343 3336
3335 3333 3334 3337
3335 3341 3333 3336
3336 3335 3333 3338
3337 3341 3339 3342
3338 3337 3335 3340
3338 3344 3340 3345
3339 3332 3337 3340
3341 3342 3340 3343
3341 3344 3354 3343
3341 3346 3341 3342
3341 3351 3349 3355
3342 3339 3344 3344
3343 3349 3343 3355
3344 3334 3341 3345
3344 3351 3348 3355
3344 3353 3351 3346
3344 3354 3345 3355
3345 3353 3352 3351
3347 3351 3354 3352
3347 3352 3355 3347
3348 3355 3346 3354
3349 3352 3349 3350
3349 3353 3350 3351
3350 3347 3343 3355
3351 3353 3352 3362
3351 3356 3355 3364
3351 3361 3357 3356
3351 3362 3357 3360
3352 3344 3346 3354
3352 3352 3354 3361
3352 3353 3364 3359
3352 3362 3351 3353
3353 3353 3360 3354
3354 3358 3351 3357
3354 3362 3360 3363
3355 3362 3363 3359
3355 3363 3354 3365
3356 3359 3356 3365
3357 3363 3359 3363
3360 3353 3351 3363
3361 3361 3361 3364
3361 3364 3362 3371
3361 3369 3361 3369
3361 3373 3370 3370
3363 3370 3363 3372
3364 3368 3362 3370
3364 3369 3363 3374
3365 3361 3366 3372
3365 3363 3366 3374
3365 3371 3361 3368
3365 3372 3366 3367
3367 3372 3370 3368
3367 3373 3375 3368
3368 3362 3363 3375
3368 3370 3369 3375
3371 3373 3385 3384
3371 3381 3378 3381
3372 3375 3374 3378
3373 3378 3374 3380
3373 3379 3374 3380
3374 3379 3372 3377
3375 3371 3376 3380
3375 3372 3381 3379
3375 3385 3372 3378
3376 3378 3383 3384
3377 3374 3381 3384
3378 3381 3378 3380
3381 3372 3385 3385
3381 3376 3384 3383
3381 3381 3392 3382
3381 3385 3395 3384
3382 3384 3387 3385
3383 3388 3393 3385
3383 3392 3393 3391
3384 3374 3375 3385
3384 3389 3384 3395
3386 3384 3382 3389
3387 3387 3385 3395
3387 3387 3394 3389
3387 3390 3386 3392
3388 3388 3395 3395
3388 3390 3390 3393
3388 3392 3390 3390
3390 3388 3381 3392
3391 3402 3391 3400
3392 3387 3389 3392
3393 3392 3397 3400
3393 3395 3400 3396
3393 3395 3400 3402
3393 3405 3399 3396
3394 3392 3392 3397
3397 3394 3402 3400
3397 3404 3395 3405
3398 3397 3405 3400
3398 3405 3400 3401
3399 3404 3391 3405
3400 3396 3392 3405
3401 3401 3401 3407
3401 3404 3406 3405
3401 3410 3413 3409
3401 3411 3408 3403
3402 3397 3403 3402
3402 3408 3406 3406
3403 3405 3405 3405
3403 3407 3405 3407
3403 3412 3404 3412
3404 3405 3397 3405
3404 3408 3410 3404
3405 3409 3413 3412
3406 3402 3402 3409
3410 3402 3408 3414
3411 3406 3410 3411
3411 3409 3409 3414
3411 3420 3419 3415
3411 3421 3411 3419
3412 3413 3401 3413
3412 3424 3419 3424
3414 3411 3423 3423
3414 3412 3419 3419
3414 3413 3414 3414
3415 3414 3413 3416
3415 3415 3419 3419
3417 3423 3424 3417
3418 3414 3414 3421
3418 3416 3415 3419
3419 3416 3425 3422
3419 3420 3419 3425
3421 3411 3422 3424
3421 3422 3431 3423
3421 3435 3423 3432
3422 3411 3422 3425
3422 3427 3425 3429
3423 3411 3423 3424
3423 3429 3434 3430
3424 3427 3424 3430
3425 3435 3427 3432
3426 3427 3424 3427
3426 3435 3435 3426
3428 3423 3423 3429
3428 3426 3422 3435
3428 3431 3422 3435
3429 3421 3427 3432
3431 3430 3424 3433
3431 3434 3428 3434
3431 3437 3440 3431
3431 3437 3443 3441
3431 3445 3441 3445
3432 3433 3445 3445
3433 3422 3426 3435
3433 3445 3439 3440
3434 3431 3441 3440
3434 3441 3441 3443
3434 3442 3444 3434
3436 3435 3442 3438
3437 3439 3441 3440
3438 3435 3431 3440
3439 3432 3439 3442
3439 3437 3443 3442
3439 3438 3441 3441
3439 3444 3445 3444
3441 3451 3448 3453
3442 3450 3443 3451
3443 3448 3447 3453
3444 3455 3443 3451
3445 3443 3447 3452
3445 3449 3443 3448
3445 3453 3444 3449
3445 3453 3446 3452
3446 3447 3444 3452
3446 3448 3441 3454
3447 3445 3455 3455
3447 3451 3441 3455
3449 3447 3454 3452
3451 3454 3453 3455
3451 3455 3463 3454
3451 3458 3463 3454
3452 3452 3443 3453
3452 3458 3453 3465
3453 3449 3441 3454
3453 3451 3454 3455
3453 3453 3454 3462
3454 3461 3457 3462
3455 3456 3452 3458
3455 3461 3457 3457
3456 3458 3460 3460
3457 3458 3463 3464
3458 3456 3464 3458
3458 3457 3456 3462
3458 3458 3461 3459
3461 3463 3475 3466
3461 3473 3468 3473
3462 3463 3461 3467
3462 3473 3461 3471
3464 3457 3457 3465
3464 3468 3469 3464
3464 3471 3463 3471
3464 3474 3468 3468
3465 3466 3475 3465
3465 3469 3463 3475
3465 3473 3462 3475
3465 3473 3467 3475
3466 3468 3474 3474
3467 3468 3467 3471
3469 3472 3464 3471
3472 3474 3473 3475
3472 3474 3480 3476
3472 3480 3474 3480
3472 3485 3478 3481
3473 3471 3481 3477
3473 3474 3479 3485
3473 3485 3479 3481
3474 3485 3473 3479
3475 3476 3481 3476
3475 3478 3484 3482
3476 3471 3482 3477
3476 3484 3473 3484
3477 3475 3477 3478
3479 3485 3471 3485
3481 3484 3479 3483
3481 3493 3489 3493
3481 3494 3492 3494
3482 3477 3480 3484
3482 3482 3482 3488
3482 3488 3490 3482
3483 3491 3482 3485
3483 3494 3486 3485
3484 3482 3493 3490
3484 3486 3493 3494
3485 3482 3485 3494
3485 3488 3490 3494
3485 3495 3485 3492
3487 3489 3483 3490
3488 3484 3482 3490
3490 3485 3495 3495
3491 3491 3496 3494
3492 3487 3481 3495
3492 3493 3498 3492
3492 3503 3491 3500
3493 3494 3505 3496
3493 3499 3496 3502
3493 3505 3501 3502
3494 3500 3501 3500
3494 3505 3499 3499
3495 3502 3496 3505
3495 3505 3499 3499
3497 3499 3496 3503
3498 3497 3497 3503
3498 3505 3498 3504
3500 3497 3496 3504
3502 3493 3501 3502
