1 11 14 2
1 15 11 11
2 14 10 4
3 3 5 3
4 2 9 7
5 12 4 11
6 9 9 11
7 2 9 7
7 8 15 7
7 10 3 13
7 12 15 14
8 11 10 13
9 12 12 9
9 13 7 14
11 11 15 12
11 12 22 11
12 10 6 13
12 16 14 23
13 11 17 25
13 11 20 18
13 19 22 23
13 23 23 22
14 21 13 17
16 15 15 21
16 24 13 25
17 11 13 18
17 14 25 24
18 11 20 24
19 14 15 20
20 24 11 25
21 23 29 25
21 23 31 22
21 26 28 30
21 30 31 35
22 21 29 28
22 22 22 23
23 23 21 26
24 30 21 31
25 28 34 35
26 23 27 27
26 23 32 29
26 26 22 35
27 23 21 34
29 25 30 30
31 21 23 31
31 34 32 37
31 39 35 36
31 40 43 33
32 42 38 36
33 40 36 41
33 43 33 40
34 31 31 41
34 35 43 34
34 45 39 45
35 31 42 44
35 40 36 43
38 41 31 41
41 42 45 41
41 44 32 43
41 44 46 48
41 45 38 44
43 41 53 55
43 42 43 43
43 51 51 54
44 48 48 54
44 49 51 47
45 32 41 45
45 45 43 52
45 48 46 53
45 53 53 48
47 45 44 52
47 51 43 48
47 52 43 54
48 52 48 55
48 52 55 55
51 61 65 56
51 62 54 57
52 57 63 55
53 55 53 64
54 52 52 65
54 54 57 55
56 54 55 61
56 57 63 62
56 59 52 58
57 54 62 63
58 52 60 63
58 58 65 58
58 61 62 61
59 56 54 62
61 62 69 70
62 62 73 75
62 68 73 62
62 70 75 71
62 73 61 70
63 51 64 63
63 62 73 66
63 69 72 73
63 72 73 67
64 69 65 69
65 72 69 72
66 74 61 70
67 69 75 74
68 71 73 70
71 78 72 72
72 77 78 80
73 70 65 74
73 71 63 75
73 74 80 76
73 76 76 78
74 78 82 77
75 78 75 79
76 74 84 83
78 72 73 80
78 72 85 84
78 78 73 85
78 81 73 83
78 82 77 79
78 84 81 84
80 72 80 83
81 80 85 85
82 84 93 93
82 85 95 89
82 90 85 85
84 85 92 92
84 85 95 91
84 89 81 93
84 93 84 90
84 95 85 87
85 88 91 89
85 95 93 89
88 82 84 93
89 82 88 90
89 91 90 91
90 86 90 90
90 90 89 92
91 91 95 101
91 94 103 101
93 98 100 95
93 99 98 100
93 104 102 100
94 91 100 95
94 94 96 98
94 94 98 102
94 99 100 98
95 99 95 97
95 101 97 105
96 94 98 101
99 92 92 104
99 97 99 101
101 102 103 105
101 109 108 105
102 102 103 102
102 114 114 112
103 106 102 112
103 115 114 107
104 101 103 104
104 103 111 111
104 109 106 115
107 103 102 112
107 112 103 110
107 115 107 112
108 106 112 109
108 113 113 114
111 102 115 111
111 117 119 125
112 108 102 113
112 119 119 125
112 125 112 119
113 112 114 116
113 116 117 123
114 111 123 118
114 114 124 117
114 118 118 122
114 118 120 125
114 123 115 120
116 116 122 123
118 122 123 123
119 119 120 119
121 124 114 122
121 134 125 126
122 124 123 125
122 127 134 130
122 130 129 127
124 130 134 135
125 123 133 132
125 132 125 126
126 125 129 131
127 121 125 128
128 128 132 132
129 130 133 132
129 132 127 134
131 121 133 135
131 130 128 133
131 136 136 142
131 140 132 141
131 141 145 139
132 121 135 133
132 139 133 139
133 134 133 143
133 138 144 144
133 139 140 139
134 127 122 135
135 137 135 140
136 135 140 144
136 139 144 139
137 132 134 137
138 134 144 144
140 140 142 142
141 141 143 142
141 141 155 149
141 146 142 151
141 147 149 151
141 148 147 150
141 151 155 150
142 138 145 145
142 142 141 155
142 148 153 144
143 147 143 154
145 146 149 146
146 145 143 151
147 154 151 152
148 147 145 150
149 144 152 155
149 155 145 150
151 148 148 153
151 154 160 163
151 156 158 157
152 153 163 158
152 160 163 161
153 156 164 153
154 151 156 155
156 154 162 162
156 157 165 164
158 153 151 164
158 155 162 165
158 161 154 161
159 163 161 161
160 163 155 161
161 166 172 172
162 166 162 173
163 154 158 163
164 155 164 165
165 168 172 171
165 173 168 171
167 166 167 168
167 166 173 175
168 161 162 175
168 161 168 174
168 162 162 173
168 162 170 174
169 171 172 174
169 172 174 173
169 175 165 170
172 171 164 173
172 171 180 174
172 173 165 175
172 175 174 182
172 177 180 177
172 180 179 184
173 171 179 175
173 178 173 183
173 181 171 176
174 173 183 182
175 178 181 183
175 181 179 183
175 184 181 179
176 171 181 178
177 184 179 185
178 181 182 183
181 181 192 194
181 188 195 195
181 193 184 187
182 193 184 190
182 194 191 183
183 172 179 185
183 184 188 188
183 195 193 186
184 194 188 188
185 186 185 193
186 193 184 189
188 182 191 195
188 194 189 193
190 185 189 195
191 184 193 191
191 194 197 198
191 199 192 201
191 199 205 191
191 201 203 203
192 185 183 193
192 191 196 192
193 194 203 201
193 200 203 202
194 194 197 199
194 198 201 197
195 205 200 196
196 193 204 198
197 194 196 201
198 191 204 204
199 204 194 201
201 204 215 213
201 205 200 202
201 208 214 214
201 209 210 213
202 213 203 207
203 206 212 205
203 215 202 210
204 201 214 211
204 205 210 211
205 208 201 210
208 210 211 209
211 204 209 212
211 207 209 215
211 209 211 212
211 218 221 218
211 221 220 215
211 225 216 224
212 217 211 215
213 217 217 220
213 218 223 218
213 222 220 220
214 209 209 214
214 213 214 214
215 211 218 217
215 224 214 221
216 216 214 218
216 218 212 225
217 211 223 217
219 211 215 222
219 220 213 222
221 222 222 235
221 226 228 231
221 230 231 221
222 224 228 232
222 235 226 230
222 235 235 228
223 225 229 234
223 228 222 226
223 229 223 226
225 223 223 225
226 224 234 232
226 226 232 227
229 221 225 233
231 244 232 239
231 245 234 237
231 245 240 232
232 238 241 235
232 243 235 233
233 223 226 235
233 231 232 233
233 237 236 234
233 241 242 240
234 232 230 235
234 239 242 234
235 237 237 241
237 242 239 245
237 245 235 239
238 241 240 240
239 233 235 243
240 242 236 244
241 232 234 241
241 242 251 243
241 245 242 251
242 247 245 253
243 244 248 255
243 245 248 253
243 254 248 254
243 254 249 252
244 247 241 253
244 250 250 251
245 244 254 250
245 248 251 248
246 244 247 253
249 243 252 249
252 245 244 253
252 251 248 254
252 262 261 262
254 264 254 256
255 256 253 259
255 259 261 264
255 264 264 263
257 255 252 262
257 256 264 262
258 258 262 258
259 252 258 260
259 258 264 264
259 259 260 260
261 252 258 265
261 254 253 262
261 262 271 267
261 270 267 264
261 273 273 274
262 270 274 272
263 254 257 265
263 261 263 266
263 273 264 272
264 253 263 264
265 266 275 272
265 272 272 272
266 268 271 270
266 271 268 274
266 274 275 269
267 265 273 268
267 275 261 270
270 270 263 275
271 274 278 273
271 280 281 278
271 282 278 273
272 261 265 273
272 273 279 275
273 275 282 284
273 280 282 274
274 271 285 277
274 276 271 279
276 281 271 278
276 282 279 282
277 271 274 280
279 278 283 284
280 280 282 284
281 276 276 285
281 285 282 282
281 287 294 294
281 295 289 282
282 281 281 284
282 283 281 293
282 290 290 291
283 286 291 288
284 287 293 290
285 284 289 285
285 289 283 295
286 284 281 293
286 290 286 293
286 293 288 295
287 287 288 288
287 288 281 291
290 290 290 294
291 295 297 296
291 296 294 304
291 303 296 303
292 305 299 299
294 299 294 302
295 304 293 302
296 294 296 302
296 296 302 301
296 304 304 299
297 295 291 305
297 296 299 299
298 296 291 303
298 299 296 300
299 296 298 301
301 307 307 305
302 304 307 312
303 297 302 304
304 307 309 314
304 307 311 314
304 314 314 314
306 306 307 312
306 311 309 312
307 304 306 309
307 304 311 313
307 310 301 315
308 310 306 311
308 311 307 309
309 315 308 311
310 313 308 311
311 316 314 312
311 319 323 318
311 325 319 312
312 315 313 319
312 320 311 314
313 312 304 314
313 316 318 323
314 318 321 314
317 316 322 318
317 322 314 325
317 323 314 322
317 324 314 325
319 312 311 324
319 314 315 324
319 322 318 325
320 323 313 321
321 330 321 322
322 321 335 324
322 326 331 333
322 335 324 323
324 324 321 332
324 329 326 330
324 329 331 327
324 330 321 331
324 333 321 332
324 334 325 332
325 322 321 334
325 324 334 335
326 325 332 334
328 324 329 334
331 335 321 334
332 340 335 345
332 345 331 338
334 339 331 340
334 341 337 336
335 335 334 343
335 341 338 338
336 331 343 338
336 334 343 344
336 337 334 338
336 344 342 337
337 339 341 342
338 345 340 340
339 343 338 343
341 343 345 343
342 342 345 346
342 343 343 349
344 332 331 345
344 342 351 346
345 345 351 348
345 349 348 347
345 351 343 352
347 344 341 355
348 348 353 354
349 349 341 352
349 350 349 353
350 346 349 350
350 347 345 351
350 352 352 353
350 355 342 355
351 344 343 353
351 352 362 360
351 353 354 361
351 358 361 355
351 358 362 362
352 353 361 360
352 357 358 362
352 363 358 361
354 353 355 361
354 355 365 354
355 354 365 364
355 357 365 359
356 353 360 360
359 358 356 363
360 362 355 363
361 369 361 366
361 372 367 370
361 372 372 364
362 355 364 363
362 368 364 373
362 371 374 375
363 362 367 363
364 373 371 369
365 369 362 374
367 368 365 375
367 369 372 369
367 370 375 371
368 363 374 374
369 364 373 373
370 371 371 372
371 362 362 372
371 381 376 373
372 372 383 380
372 375 382 378
373 374 373 374
373 382 377 379
375 373 379 378
375 379 382 378
375 380 382 383
376 377 381 379
376 379 378 380
376 383 371 380
376 384 383 382
377 375 371 379
379 385 378 381
381 378 385 384
381 382 394 389
381 384 395 382
381 388 392 393
381 392 385 390
382 382 385 387
382 383 383 395
383 386 388 392
384 392 384 391
384 392 390 393
386 383 386 390
386 386 383 390
386 393 392 395
387 395 391 388
391 393 401 402
391 396 402 402
392 391 392 392
392 395 394 394
392 395 397 392
393 401 401 399
393 404 397 405
394 393 391 398
394 397 399 396
394 400 396 396
395 399 398 401
395 399 400 404
395 399 403 396
396 394 395 403
396 402 398 403
399 398 404 404
401 398 402 402
401 408 404 406
401 411 410 410
402 406 402 413
402 411 415 404
403 405 402 410
404 406 404 410
404 408 410 413
404 410 406 406
405 409 412 411
406 402 409 415
409 406 413 415
409 408 405 413
410 407 409 412
411 412 422 411
411 418 424 422
411 425 418 421
412 415 411 415
412 415 418 412
414 403 406 414
414 423 425 420
415 410 412 415
415 419 413 418
416 419 422 423
416 421 414 423
417 413 418 424
417 420 420 425
419 415 419 421
420 411 416 425
420 424 417 425
421 424 435 422
422 424 414 425
423 423 426 427
423 424 430 424
423 434 428 426
424 422 433 428
424 425 434 428
424 431 431 434
424 433 424 431
425 431 429 432
428 435 424 434
428 435 435 429
429 430 422 435
430 427 422 434
431 427 426 432
431 432 437 432
432 434 430 433
432 434 438 443
432 435 433 444
433 431 438 439
433 440 436 444
433 442 445 436
434 445 433 438
435 432 445 439
435 435 431 443
435 440 442 442
435 443 441 444
436 433 437 443
437 436 431 439
440 439 440 441
441 444 446 441
441 444 454 449
441 445 448 453
442 437 433 443
442 447 443 452
443 450 444 451
444 453 445 449
445 444 454 455
445 447 444 446
447 445 444 449
447 451 453 452
448 442 449 453
448 444 445 455
448 446 453 454
448 452 452 455
450 442 454 455
451 453 454 454
451 456 460 465
452 461 465 453
452 465 455 465
453 455 459 459
453 460 465 463
453 461 452 465
454 464 459 460
455 454 464 463
455 465 455 465
456 461 463 464
457 452 452 460
457 452 461 458
459 460 455 465
461 461 467 464
462 464 465 472
462 466 465 465
462 473 463 469
463 462 457 464
463 471 474 464
464 461 466 471
464 465 463 469
464 474 470 474
465 467 471 468
465 468 475 469
466 461 465 472
467 469 470 471
468 462 466 473
469 462 466 470
471 471 479 483
471 478 475 475
471 479 478 485
471 484 483 474
473 468 471 475
473 474 482 480
473 484 472 483
474 476 481 478
474 485 485 481
475 476 480 477
475 479 484 485
475 482 484 476
475 484 483 479
476 481 472 477
477 471 481 483
478 480 481 478
481 484 482 482
481 489 481 485
481 491 495 493
481 495 489 492
482 489 489 488
482 490 488 484
482 492 491 484
483 493 484 486
483 495 487 493
485 494 491 494
488 481 485 490
488 487 481 491
491 493 482 492
491 494 492 505
491 499 499 497
491 505 493 500
493 491 495 501
493 492 484 495
493 494 492 497
493 498 496 500
493 501 504 494
493 502 494 499
494 482 495 495
494 492 493 497
496 504 492 503
497 493 498 503
497 505 497 503
498 505 499 502
501 503 502 514
501 511 509 514
502 504 505 504
502 514 507 510
502 514 509 508
503 508 505 510
503 509 503 514
504 501 512 508
504 514 515 513
505 499 501 505
505 504 510 514
505 514 511 509
506 513 506 511
507 505 503 509
507 507 509 510
510 511 513 515
511 515 523 517
511 518 516 515
511 523 525 523
512 511 519 517
512 511 520 522
513 513 504 514
513 521 524 519
514 511 519 514
514 521 513 520
515 511 521 525
516 512 513 523
516 513 523 522
516 521 517 518
518 523 519 523
519 518 511 522
519 523 523 523
521 523 521 531
521 527 526 530
523 529 535 523
524 526 530 525
524 531 523 527
525 523 532 528
525 524 528 525
525 529 533 532
525 532 535 531
526 528 534 530
527 523 533 529
527 526 534 533
527 531 529 530
529 521 527 535
531 524 524 532
531 539 541 539
531 545 532 543
532 536 534 541
532 540 541 542
532 545 540 533
533 531 542 541
533 534 545 538
534 534 540 536
534 535 533 535
536 538 545 539
537 537 531 541
537 538 539 539
539 540 544 539
540 534 536 543
541 541 544 545
541 545 544 547
541 548 549 551
541 553 551 548
542 544 544 554
542 554 546 553
544 542 555 548
544 555 545 551
545 541 546 551
546 547 541 554
547 546 545 552
547 550 553 550
547 551 542 554
548 547 545 552
549 555 542 553
551 542 546 554
551 555 562 554
551 557 562 552
552 554 560 554
554 558 558 558
554 560 556 555
554 560 564 560
554 563 553 556
555 562 553 563
558 561 552 563
559 557 565 563
560 552 561 564
561 564 553 563
561 569 561 568
562 555 551 565
562 567 573 568
563 563 567 571
564 560 562 564
564 563 572 568
564 566 572 567
565 561 564 565
565 566 562 572
565 568 565 575
566 562 567 569
566 571 564 575
566 575 571 568
567 564 564 571
567 566 573 569
567 570 561 574
569 562 561 573
571 574 576 578
571 577 583 571
571 585 571 584
572 579 575 577
573 572 580 582
573 574 573 577
573 576 583 582
574 564 574 574
574 584 582 584
576 574 582 581
576 582 579 580
578 578 585 580
580 583 572 584
580 584 585 583
581 575 581 582
581 584 590 586
581 586 590 581
582 572 579 584
582 594 587 591
583 584 595 588
583 592 584 593
583 593 590 588
584 583 591 585
585 587 584 591
585 595 586 587
586 591 593 589
586 594 593 595
587 594 594 589
588 589 586 594
588 595 581 589
590 585 586 592
591 597 599 602
592 593 602 596
592 599 598 603
593 597 600 594
594 601 593 603
595 599 601 598
596 598 591 605
597 602 605 599
597 603 603 604
598 591 593 598
598 592 596 601
598 598 601 598
600 599 603 602
600 602 592 604
602 612 601 606
602 612 613 615
603 596 591 604
603 610 602 609
603 610 608 615
604 611 615 605
604 614 612 614
605 605 602 609
605 612 603 607
608 602 602 614
608 602 608 615
608 603 607 613
608 606 613 614
609 608 603 614
609 614 607 610
611 615 608 614
611 617 622 622
611 619 623 619
611 624 623 625
612 612 614 617
612 618 614 622
613 612 618 620
613 615 612 619
613 619 614 624
614 616 619 617
615 623 613 624
616 623 612 624
616 623 618 623
617 620 615 618
618 623 611 624
621 627 632 634
622 615 622 622
622 632 634 624
622 635 634 625
623 622 621 632
623 622 626 635
623 623 630 635
623 629 627 628
624 634 623 627
624 635 624 627
626 629 626 634
627 627 624 628
628 625 627 631
628 628 626 632
628 633 633 628
631 632 635 631
631 635 639 640
631 642 637 634
631 644 639 637
632 623 625 633
632 631 642 640
632 632 632 643
632 633 638 645
632 644 641 644
633 634 636 635
636 633 640 642
636 637 643 645
636 644 631 644
637 636 645 639
637 644 640 644
638 635 632 642
641 644 642 647
641 649 650 645
642 651 641 644
642 653 648 646
643 641 655 647
644 644 650 651
644 645 643 652
644 645 648 653
645 644 650 645
646 655 655 651
647 649 645 652
648 651 644 653
649 653 641 655
650 651 650 652
651 643 654 652
652 651 662 660
652 652 661 661
652 656 657 660
652 657 660 652
653 656 662 665
653 659 659 663
654 653 661 665
655 662 652 664
657 657 664 657
658 664 660 660
659 662 665 665
659 664 657 662
660 657 664 664
661 665 654 662
661 673 668 671
662 661 652 665
662 662 674 675
663 668 661 675
663 672 661 668
664 672 661 671
664 673 667 668
664 675 668 669
666 665 667 673
666 669 661 670
666 673 674 667
667 671 667 672
669 675 670 670
670 670 672 673
671 671 675 683
671 672 663 675
671 674 667 674
671 681 682 679
673 677 673 678
673 680 681 679
674 678 678 674
674 683 685 681
674 684 675 682
675 679 682 684
675 680 671 685
675 681 674 676
676 677 683 677
677 674 681 680
679 683 685 680
681 677 682 683
681 681 687 682
681 692 682 683
681 695 691 691
682 684 682 692
683 674 677 683
683 687 693 692
683 695 682 690
684 681 689 686
685 690 686 690
685 693 686 688
686 689 688 691
686 689 691 693
686 693 684 692
690 691 687 693
691 695 705 696
691 696 699 693
691 697 693 693
692 692 700 698
692 700 698 695
693 688 681 694
695 682 686 695
695 704 696 696
696 695 695 701
696 702 705 705
696 705 697 699
697 699 705 702
698 692 702 699
699 694 703 703
699 696 695 704
701 701 709 714
701 702 710 710
701 711 712 701
702 693 691 705
702 703 696 703
702 706 708 704
702 708 706 706
702 711 709 710
702 714 706 703
703 709 713 715
704 702 710 709
704 706 710 711
707 706 711 707
707 707 712 714
707 713 711 708
708 712 707 710
709 701 704 709
711 714 712 719
711 717 724 719
711 722 712 717
712 713 725 716
712 715 712 724
712 716 724 718
712 718 721 714
713 712 724 723
715 713 722 721
716 712 721 720
716 713 722 723
719 717 720 721
721 715 725 725
721 723 725 731
721 723 734 732
722 721 722 734
722 722 730 734
722 726 732 731
723 717 716 724
724 711 714 724
725 734 725 729
726 724 726 733
727 727 723 731
728 722 724 728
728 731 735 735
731 732 744 740
731 735 731 735
731 738 742 742
731 741 731 743
732 734 735 732
733 728 732 735
734 728 723 735
734 728 729 735
734 736 734 745
734 741 737 743
734 744 738 744
735 733 741 741
736 731 735 744
736 732 745 743
736 741 744 740
738 741 736 743
740 733 733 741
740 742 731 745
740 745 739 744
741 743 755 753
742 736 743 744
742 747 747 742
742 750 755 745
743 754 752 755
744 746 754 748
744 747 754 748
744 751 741 752
746 742 748 747
747 750 750 748
747 755 751 750
748 754 748 754
750 748 754 750
750 755 755 755
751 752 758 753
751 754 762 757
752 749 748 755
752 751 763 756
752 756 759 757
752 763 756 758
753 755 754 759
754 746 746 754
754 753 755 755
754 764 763 755
754 765 758 758
756 760 753 764
756 765 751 763
757 764 758 763
757 765 754 758
758 763 754 759
759 764 754 765
761 772 775 772
761 773 767 768
762 763 774 763
762 769 763 763
763 761 767 775
763 765 768 767
763 770 766 767
764 761 767 772
764 768 770 766
764 769 766 773
764 772 761 773
764 774 762 770
769 761 764 771
769 762 767 774
769 773 766 774
771 776 773 783
772 778 778 776
772 781 774 784
772 783 780 776
773 774 785 784
773 777 781 784
773 785 775 778
775 777 771 782
775 778 779 783
775 778 780 785
776 777 773 785
777 771 780 783
778 783 781 781
778 784 785 783
780 773 783 784
781 782 787 784
781 792 781 795
781 793 781 786
782 786 782 789
782 791 789 785
782 795 794 792
783 789 788 790
783 790 785 790
784 784 790 789
784 787 781 793
784 792 785 785
785 787 794 794
787 790 788 791
788 788 783 794
788 789 795 792
792 792 799 792
792 795 791 800
792 804 791 794
793 795 797 800
793 796 800 799
793 802 801 800
794 793 791 797
795 800 800 801
796 791 799 805
796 797 799 799
796 802 800 805
797 802 804 802
797 805 805 798
798 793 798 799
798 802 805 805
801 806 804 813
802 805 807 814
802 810 809 810
802 813 809 809
803 802 802 815
803 803 811 813
804 805 808 805
806 806 810 808
806 810 814 810
806 812 807 815
808 812 815 813
809 805 804 812
809 807 807 810
810 808 808 812
811 814 812 820
811 821 824 812
812 812 818 815
812 819 816 819
812 820 820 819
812 824 812 816
813 820 812 819
814 807 807 815
814 822 817 823
815 825 811 821
816 814 812 821
816 824 815 821
817 823 813 821
819 819 821 825
820 814 822 820
820 815 815 824
821 822 824 831
822 824 823 825
823 835 835 829
824 824 833 828
824 826 833 824
824 827 828 835
825 828 835 834
825 835 828 833
826 821 824 827
826 831 821 834
827 823 830 829
828 834 821 830
829 833 830 834
830 835 826 832
831 830 829 833
831 841 842 841
832 838 843 844
832 840 835 837
832 842 831 837
833 838 844 835
834 845 835 844
835 832 832 838
835 835 842 837
835 841 832 837
836 844 840 844
837 832 832 843
837 839 836 838
840 834 839 844
840 843 845 840
843 836 831 845
843 851 841 845
843 851 852 843
843 855 854 846
844 845 855 854
844 851 854 853
844 853 845 846
845 844 849 847
845 850 846 850
845 853 852 852
847 842 854 854
847 844 850 847
847 849 851 850
847 852 854 852
851 861 861 860
852 847 848 855
852 851 858 852
852 859 852 862
852 863 856 861
853 845 847 854
853 859 860 858
856 856 854 858
856 858 859 863
856 861 856 859
857 861 859 864
857 864 858 861
858 852 863 864
861 874 862 869
862 856 865 865
862 857 851 863
862 862 863 871
862 867 872 865
862 868 875 869
863 853 857 865
863 857 853 864
864 862 868 872
864 863 868 875
865 862 867 875
868 866 871 875
868 873 863 873
869 875 873 875
870 868 869 872
871 868 862 875
871 876 874 875
871 877 871 885
872 866 871 874
873 870 875 873
873 872 861 875
873 874 883 874
873 879 876 883
876 875 878 876
876 877 881 878
876 883 878 880
876 885 885 876
877 877 880 881
877 885 879 883
878 874 875 880
880 879 871 883
881 879 876 882
881 895 888 886
882 883 883 886
882 885 874 884
882 888 886 884
883 877 873 884
884 895 895 886
885 894 887 887
886 886 887 888
886 888 882 890
886 888 889 889
887 891 883 891
887 891 885 889
887 892 891 890
888 889 895 889
889 893 895 892
890 883 892 890
890 889 884 893
891 898 904 892
891 904 893 901
891 905 899 900
892 894 902 905
892 898 892 901
892 901 895 894
893 904 905 898
894 894 896 905
894 903 898 905
895 902 901 898
895 905 892 904
897 899 896 899
899 893 900 900
901 900 899 904
901 910 907 910
901 915 902 903
902 896 905 905
902 908 904 907
902 909 913 908
903 915 904 914
905 912 913 913
906 902 906 911
906 905 901 912
906 913 911 915
907 905 913 911
907 907 909 914
907 909 915 911
909 908 908 910
911 907 912 915
911 918 913 925
911 918 919 919
912 912 911 919
912 917 924 923
913 910 909 914
913 921 917 915
913 922 913 921
914 918 915 921
914 921 920 922
914 921 921 922
914 922 914 922
916 911 921 920
916 914 915 923
916 916 919 920
917 911 925 917
921 926 927 921
921 927 922 929
921 931 926 923
921 934 935 928
922 923 916 925
922 923 930 928
924 922 925 933
924 929 933 929
924 930 928 930
925 927 934 926
925 932 924 928
926 921 928 929
926 929 931 934
930 925 933 930
931 927 929 931
931 929 922 932
931 939 943 943
933 939 945 941
933 944 940 942
934 932 936 936
934 944 944 936
935 939 936 939
935 941 938 943
936 938 933 941
936 941 941 938
937 933 931 944
938 933 931 942
939 934 945 943
940 933 931 943
940 939 936 941
941 932 932 945
941 951 942 947
941 952 946 954
941 954 953 954
943 941 942 943
943 953 942 946
943 955 944 947
944 943 951 952
944 944 946 954
945 950 943 951
945 951 951 947
946 945 944 950
947 951 954 955
949 942 946 951
951 954 949 954
952 941 945 954
952 951 955 954
952 952 954 965
952 956 957 953
952 958 962 957
952 962 953 957
954 959 953 964
954 961 953 958
955 961 955 957
955 965 958 959
957 959 955 960
959 962 962 960
961 957 952 963
961 961 963 962
961 962 964 972
961 970 964 970
961 971 973 970
962 955 962 964
962 956 965 964
962 969 963 963
963 963 968 970
963 971 962 966
963 973 973 971
965 965 963 973
966 964 964 968
966 965 971 975
966 972 962 970
967 968 965 972
967 971 961 970
969 971 961 973
970 975 973 975
971 978 981 973
971 981 976 979
972 972 976 976
972 981 983 977
973 972 979 976
973 973 975 984
973 978 979 977
974 971 978 981
975 975 976 980
975 980 972 976
976 974 980 984
979 982 971 984
980 980 979 984
980 981 973 985
981 988 982 995
981 988 993 988
981 994 991 983
982 989 988 995
982 993 982 985
983 981 985 984
983 988 984 995
985 986 995 991
985 990 983 986
987 995 984 992
988 990 983 992
990 989 983 995
990 990 987 994
991 991 993 995
991 999 1003 999
991 1000 1000 998
991 1001 995 993
991 1002 1002 1000
992 986 994 994
992 995 991 993
992 997 997 994
992 1002 1003 997
992 1003 1002 1004
993 995 998 1000
993 998 1005 1004
993 1000 998 995
994 1004 993 1002
995 993 1001 1001
996 1003 993 999
997 993 992 999
1000 992 993 1001
1001 1003 1014 1010
1001 1005 1009 1014
1001 1012 1014 1002
1002 1002 1006 1003
1004 1015 1005 1007
1005 1010 1002 1014
1005 1015 1005 1015
1007 1004 1009 1007
1007 1008 1012 1008
1008 1007 1007 1010
1008 1015 1002 1009
1009 1001 1009 1015
1010 1013 1007 1011
1011 1004 1003 1013
1011 1004 1012 1011
1011 1025 1023 1016
1013 1014 1014 1023
1013 1019 1023 1013
1014 1019 1023 1024
1015 1011 1011 1022
1015 1022 1015 1025
1015 1025 1015 1017
1016 1013 1024 1017
1016 1020 1018 1022
1016 1023 1018 1018
1017 1019 1014 1021
1018 1014 1013 1023
1021 1020 1021 1025
1021 1022 1031 1028
1021 1031 1025 1035
1022 1021 1017 1024
1022 1021 1023 1034
1022 1024 1029 1028
1022 1030 1021 1024
1023 1019 1011 1024
1023 1029 1031 1025
1023 1031 1026 1030
1024 1023 1025 1027
1025 1034 1032 1028
1026 1023 1034 1026
1026 1029 1022 1033
1027 1021 1032 1031
1030 1030 1024 1034
1031 1029 1022 1033
1032 1038 1038 1037
1032 1038 1041 1040
1032 1038 1043 1037
1032 1040 1042 1040
1033 1031 1036 1036
1033 1034 1043 1044
1033 1043 1032 1040
1034 1024 1035 1035
1034 1034 1040 1034
1034 1042 1040 1044
1035 1037 1036 1040
1036 1037 1033 1037
1036 1044 1039 1040
1039 1032 1031 1041
1039 1032 1033 1043
1040 1032 1045 1043
1041 1050 1047 1046
1042 1043 1042 1053
1042 1050 1044 1051
1042 1050 1045 1049
1043 1041 1041 1048
1043 1044 1055 1055
1043 1049 1051 1048
1044 1047 1048 1053
1044 1053 1046 1047
1045 1043 1051 1052
1045 1049 1048 1048
1048 1046 1048 1049
1048 1054 1055 1054
1050 1045 1050 1055
1051 1048 1052 1054
1052 1055 1056 1056
1052 1056 1059 1062
1052 1059 1053 1059
1052 1060 1052 1056
1053 1057 1052 1055
1054 1058 1057 1060
1054 1064 1053 1061
1056 1053 1061 1062
1057 1052 1058 1065
1058 1052 1055 1059
1058 1063 1058 1062
1059 1064 1064 1063
1060 1051 1056 1064
1060 1055 1060 1062
1061 1059 1063 1064
1061 1061 1068 1073
1062 1062 1070 1065
1062 1065 1062 1066
1062 1073 1071 1075
1063 1072 1069 1066
1064 1064 1064 1075
1064 1070 1063 1070
1065 1068 1073 1068
1067 1064 1063 1070
1067 1071 1066 1075
1068 1071 1065 1069
1068 1073 1073 1075
1069 1061 1067 1071
1069 1063 1067 1072
1069 1070 1072 1072
1072 1072 1080 1077
1072 1082 1073 1085
1073 1074 1078 1082
1073 1078 1078 1080
1074 1078 1082 1082
1075 1071 1082 1085
1075 1075 1077 1083
1076 1071 1077 1076
1076 1079 1079 1079
1077 1076 1074 1081
1077 1078 1076 1085
1078 1072 1079 1078
1081 1073 1083 1084
1081 1087 1088 1090
1081 1087 1093 1085
1081 1089 1081 1082
1082 1093 1093 1087
1083 1087 1095 1089
1084 1082 1084 1085
1084 1086 1081 1094
1084 1092 1094 1085
1085 1076 1082 1085
1085 1081 1088 1094
1085 1092 1085 1095
1087 1085 1083 1095
1088 1089 1095 1090
1088 1095 1088 1093
1089 1083 1089 1091
1090 1082 1087 1091
1090 1087 1082 1091
1091 1091 1104 1104
1093 1096 1098 1099
1094 1091 1102 1102
1094 1097 1100 1094
1095 1099 1099 1104
1095 1100 1098 1100
1095 1103 1100 1097
1096 1095 1091 1101
1097 1104 1101 1098
1099 1103 1092 1101
1100 1091 1102 1105
1100 1097 1096 1103
1100 1102 1098 1103
1101 1110 1101 1104
1102 1101 1095 1105
1102 1102 1103 1112
1102 1107 1113 1115
1103 1093 1101 1105
1103 1106 1110 1113
1103 1107 1109 1103
1103 1114 1106 1106
1105 1103 1105 1107
1105 1106 1106 1108
1105 1110 1110 1113
1106 1103 1105 1112
1106 1107 1112 1107
1108 1104 1105 1109
1108 1111 1112 1109
1111 1107 1115 1114
1111 1116 1122 1116
1112 1112 1113 1114
1113 1123 1112 1118
1114 1106 1108 1115
1114 1113 1114 1125
1114 1116 1121 1125
1115 1111 1115 1115
1115 1121 1115 1123
1117 1114 1120 1123
1117 1119 1117 1119
1118 1123 1117 1123
1119 1117 1115 1120
1121 1123 1124 1134
1121 1134 1130 1134
1122 1123 1118 1124
1122 1134 1124 1125
1123 1112 1123 1125
1123 1117 1117 1125
1123 1132 1129 1127
1124 1112 1124 1125
1124 1122 1133 1126
1124 1123 1131 1126
1124 1134 1127 1132
1124 1135 1131 1125
1126 1135 1129 1135
1128 1123 1131 1128
1128 1130 1121 1129
1129 1133 1128 1132
1130 1124 1121 1133
1131 1127 1129 1133
1132 1123 1128 1132
1132 1134 1144 1143
1132 1136 1138 1145
1132 1142 1132 1136
1133 1132 1142 1134
1133 1144 1137 1136
1134 1142 1145 1143
1135 1132 1143 1145
1135 1136 1140 1139
1135 1143 1142 1142
1136 1132 1139 1136
1136 1142 1133 1144
1136 1143 1133 1137
1138 1132 1136 1144
1139 1141 1135 1140
1139 1141 1144 1139
1141 1149 1141 1151
1143 1141 1149 1144
1143 1142 1142 1153
1143 1155 1148 1147
1144 1143 1144 1144
1144 1144 1153 1152
1145 1142 1152 1153
1145 1149 1146 1149
1145 1154 1153 1151
1146 1151 1146 1148
1146 1153 1145 1152
1147 1150 1143 1155
1149 1142 1147 1151
1151 1142 1154 1155
1151 1149 1149 1154
1151 1163 1156 1152
1152 1161 1163 1159
1153 1160 1162 1155
1153 1161 1159 1161
1154 1152 1153 1161
1156 1153 1157 1160
1157 1153 1160 1162
1157 1154 1153 1158
1157 1160 1152 1164
1158 1156 1152 1163
1158 1158 1160 1165
1158 1158 1164 1162
1159 1155 1156 1164
1160 1152 1160 1162
1161 1159 1154 1162
1161 1162 1174 1171
1161 1166 1166 1173
1162 1161 1172 1171
1162 1163 1162 1166
1162 1170 1170 1168
1163 1163 1165 1169
1164 1166 1167 1172
1166 1167 1168 1174
1166 1174 1173 1170
1168 1165 1173 1171
1169 1170 1161 1175
1170 1163 1165 1172
1171 1165 1172 1172
1171 1177 1175 1178
1171 1178 1181 1180
1172 1161 1170 1173
1172 1171 1161 1174
1172 1173 1174 1175
1173 1172 1178 1176
1173 1174 1178 1175
1174 1173 1179 1185
1174 1180 1185 1185
1175 1173 1173 1185
1176 1181 1184 1184
1177 1175 1172 1179
1179 1184 1183 1180
1181 1181 1179 1182
1182 1172 1181 1182
1182 1181 1187 1187
1182 1183 1182 1192
1182 1189 1190 1184
1182 1191 1194 1190
1182 1193 1189 1183
1183 1186 1186 1192
1183 1189 1189 1187
1184 1171 1171 1184
1184 1176 1180 1185
1185 1189 1184 1194
1185 1190 1186 1191
1189 1188 1189 1191
1189 1194 1192 1190
1190 1182 1185 1192
1190 1192 1189 1195
1191 1182 1193 1194
1191 1202 1203 1198
1192 1193 1193 1194
1192 1202 1201 1205
1192 1203 1196 1203
1193 1204 1205 1193
1194 1195 1181 1195
1194 1202 1191 1199
1196 1193 1193 1196
1196 1196 1199 1197
1196 1203 1199 1197
1197 1195 1197 1201
1198 1196 1204 1205
1199 1191 1197 1202
1200 1198 1200 1201
1201 1200 1200 1204
1201 1201 1205 1202
1201 1201 1205 1205
1202 1203 1209 1206
1202 1203 1215 1205
1202 1204 1193 1204
1202 1214 1215 1215
1203 1214 1210 1215
1206 1201 1212 1206
1206 1205 1209 1206
1206 1206 1209 1214
1209 1206 1213 1215
1209 1208 1207 1215
1211 1211 1214 1215
1211 1211 1216 1216
1211 1213 1219 1224
1212 1201 1207 1213
1212 1202 1210 1213
1212 1207 1209 1213
1212 1221 1213 1221
1212 1222 1212 1223
1212 1222 1216 1219
1213 1204 1210 1214
1213 1213 1214 1222
1213 1217 1225 1215
1215 1224 1224 1221
1216 1222 1219 1225
1216 1224 1225 1219
1216 1225 1218 1224
1217 1218 1224 1222
1219 1215 1214 1224
1221 1224 1231 1225
1222 1219 1218 1224
1222 1232 1226 1226
1223 1222 1230 1232
1223 1228 1225 1228
1225 1230 1221 1231
1226 1221 1222 1226
1226 1225 1224 1232
1227 1229 1225 1228
1228 1221 1222 1232
1228 1230 1228 1230
1229 1223 1230 1229
1230 1221 1233 1234
1230 1222 1231 1234
1230 1227 1235 1234
1232 1229 1231 1232
1232 1239 1245 1234
1232 1240 1232 1241
1232 1244 1241 1235
1233 1233 1233 1237
1233 1237 1241 1237
1234 1236 1241 1244
1234 1243 1231 1239
1235 1237 1234 1241
1235 1240 1244 1245
1235 1241 1244 1235
1235 1244 1231 1245
1236 1233 1241 1243
1236 1243 1232 1241
1239 1238 1244 1244
1240 1243 1231 1242
1241 1242 1251 1247
1241 1253 1242 1243
1242 1243 1249 1244
1243 1241 1246 1243
1243 1244 1243 1253
1243 1244 1250 1252
1243 1254 1242 1245
1245 1243 1245 1250
1247 1251 1255 1247
1248 1247 1249 1249
1248 1252 1243 1251
1248 1255 1249 1253
1251 1249 1250 1253
1251 1254 1241 1254
1251 1254 1251 1262
1251 1261 1257 1253
1252 1253 1264 1259
1253 1253 1252 1259
1253 1259 1255 1258
1253 1265 1265 1253
1254 1250 1245 1255
1254 1263 1253 1263
1254 1263 1258 1261
1255 1254 1259 1262
1255 1265 1254 1265
1256 1251 1262 1263
1256 1255 1264 1256
1256 1256 1260 1256
1259 1264 1252 1260
1261 1266 1273 1272
1261 1267 1261 1273
1261 1267 1273 1267
1262 1257 1263 1262
1262 1265 1263 1265
1262 1266 1273 1270
1264 1262 1261 1270
1264 1262 1273 1270
1265 1264 1269 1265
1265 1272 1273 1266
1266 1268 1269 1270
1267 1274 1262 1275
1268 1268 1268 1269
1268 1269 1270 1269
1271 1269 1274 1271
1271 1276 1274 1280
1272 1271 1277 1275
1272 1278 1279 1274
1273 1273 1284 1281
1273 1277 1271 1283
1273 1280 1278 1280
1273 1281 1280 1275
1274 1265 1275 1275
1274 1273 1278 1285
1274 1275 1273 1277
1276 1272 1274 1277
1277 1280 1280 1280
1277 1284 1280 1285
1280 1285 1280 1281
1281 1274 1285 1281
1281 1284 1284 1286
1281 1284 1288 1284
1281 1290 1283 1295
1282 1274 1275 1283
1283 1281 1294 1288
1283 1292 1288 1289
1284 1289 1283 1287
1285 1281 1281 1289
1285 1293 1286 1294
1286 1293 1294 1288
1287 1283 1287 1290
1287 1290 1290 1290
1288 1283 1284 1290
1291 1285 1288 1294
1291 1305 1303 1297
1291 1305 1305 1302
1292 1291 1294 1292
1293 1297 1296 1296
1293 1299 1292 1299
1294 1285 1283 1295
1294 1296 1297 1298
1296 1291 1303 1299
1296 1304 1294 1300
1297 1299 1297 1298
1297 1305 1302 1301
1298 1294 1293 1302
1298 1297 1299 1299
1298 1302 1293 1301
1299 1302 1305 1305
1301 1294 1293 1303
1301 1299 1300 1301
1301 1309 1302 1304
1302 1307 1314 1308
1302 1308 1304 1309
1302 1312 1314 1315
1302 1314 1301 1311
1303 1310 1307 1313
1304 1301 1315 1309
1304 1309 1313 1311
1305 1304 1301 1310
1306 1303 1307 1313
1306 1307 1303 1315
1306 1307 1306 1314
1308 1304 1307 1314
1308 1305 1303 1313
1311 1316 1320 1321
1311 1321 1321 1321
1311 1322 1319 1319
1312 1314 1325 1322
1312 1315 1312 1313
1313 1325 1317 1324
1314 1311 1325 1319
1314 1325 1315 1323
1315 1314 1315 1318
1315 1324 1312 1319
1317 1323 1314 1319
1318 1313 1316 1323
1318 1321 1319 1322
1320 1319 1312 1323
1321 1326 1335 1321
1321 1327 1328 1322
1321 1335 1323 1330
1322 1326 1333 1326
1322 1327 1325 1327
1322 1333 1327 1331
1323 1317 1315 1325
1323 1322 1332 1335
1323 1323 1312 1325
1323 1335 1321 1327
1326 1334 1324 1328
1330 1322 1333 1330
1331 1321 1324 1335
1331 1339 1345 1343
1332 1323 1322 1334
1332 1331 1335 1345
1332 1333 1322 1334
1332 1334 1328 1335
1332 1334 1345 1341
1332 1344 1341 1345
1334 1321 1323 1334
1335 1335 1332 1336
1335 1338 1345 1339
1335 1344 1342 1341
1335 1345 1342 1340
1335 1345 1343 1343
1336 1341 1343 1343
1337 1338 1331 1339
1338 1343 1339 1341
1339 1342 1333 1342
1341 1336 1332 1342
1342 1339 1334 1344
1342 1343 1353 1355
1342 1348 1351 1344
1344 1344 1342 1348
1345 1341 1343 1345
1345 1341 1354 1350
1345 1351 1348 1348
1346 1349 1355 1350
1347 1345 1353 1352
1347 1351 1341 1350
1348 1346 1342 1353
1348 1346 1344 1354
1349 1349 1349 1351
1350 1354 1343 1355
1351 1341 1343 1355
1351 1352 1363 1356
1351 1364 1351 1356
1351 1365 1360 1364
1352 1352 1352 1353
1352 1365 1354 1355
1353 1353 1358 1355
1353 1360 1351 1361
1354 1353 1356 1363
1354 1359 1352 1357
1355 1353 1361 1361
1355 1359 1361 1361
1355 1361 1358 1356
1356 1357 1354 1364
1358 1351 1360 1363
1360 1356 1361 1365
1361 1361 1355 1365
1361 1373 1364 1366
1362 1362 1364 1373
1362 1371 1361 1372
1362 1375 1362 1371
1363 1364 1373 1369
1363 1373 1370 1371
1364 1370 1371 1365
1365 1366 1370 1366
1365 1374 1361 1367
1366 1367 1371 1375
1367 1361 1364 1368
1368 1373 1361 1374
1369 1364 1365 1370
1371 1366 1375 1372
1371 1380 1384 1383
1372 1366 1369 1375
1372 1376 1384 1384
1372 1379 1376 1384
1372 1383 1372 1384
1374 1374 1372 1383
1374 1376 1378 1382
1375 1372 1383 1382
1375 1373 1371 1384
1375 1383 1373 1377
1377 1371 1381 1384
1377 1371 1383 1381
1377 1376 1384 1380
1377 1378 1377 1383
1378 1371 1384 1383
1379 1371 1383 1381
1382 1394 1392 1383
1383 1385 1395 1386
1383 1391 1381 1393
1384 1381 1383 1391
1384 1385 1392 1392
1384 1388 1385 1390
1384 1392 1384 1393
1385 1392 1385 1393
1385 1394 1389 1386
1386 1384 1392 1393
1387 1395 1388 1391
1389 1391 1389 1392
1389 1392 1391 1392
1390 1381 1395 1392
1391 1383 1392 1392
1391 1396 1393 1404
1392 1403 1398 1403
1393 1396 1401 1397
1393 1397 1398 1393
1393 1397 1401 1398
1393 1404 1394 1400
1394 1392 1399 1398
1394 1393 1394 1396
1394 1402 1394 1395
1396 1403 1394 1401
1397 1391 1391 1401
1397 1392 1402 1404
1397 1399 1398 1402
1397 1401 1396 1401
1399 1392 1401 1400
1401 1407 1405 1404
1402 1407 1412 1414
1402 1408 1402 1409
1402 1412 1409 1409
1403 1402 1409 1414
1403 1403 1407 1410
1403 1409 1404 1404
1403 1415 1404 1410
1405 1405 1415 1411
1405 1406 1408 1411
1405 1409 1402 1408
1407 1401 1411 1410
1408 1405 1408 1411
1408 1413 1410 1411
1410 1410 1410 1413
1412 1413 1412 1420
1412 1414 1423 1412
1412 1416 1424 1423
1412 1419 1424 1422
1414 1418 1412 1422
1415 1412 1411 1422
1415 1418 1411 1420
1415 1422 1421 1423
1417 1418 1417 1421
1419 1419 1425 1423
1419 1423 1412 1423
1419 1425 1424 1421
1420 1425 1420 1423
1421 1421 1421 1429
1421 1421 1430 1429
1421 1423 1425 1421
1422 1415 1417 1425
1423 1420 1420 1425
1424 1421 1422 1431
1424 1424 1425 1432
1424 1433 1421 1435
1424 1435 1428 1428
1428 1428 1425 1429
1428 1429 1427 1434
1428 1432 1423 1433
1429 1435 1421 1430
1430 1431 1425 1431
1431 1425 1430 1432
1431 1431 1445 1434
1431 1433 1433 1438
1432 1431 1444 1439
1432 1438 1443 1443
1432 1445 1442 1436
1433 1434 1438 1443
1433 1440 1435 1438
1433 1442 1444 1436
1434 1424 1425 1435
1434 1438 1439 1443
1435 1426 1433 1435
1436 1435 1443 1444
1436 1440 1435 1439
1437 1436 1440 1443
1438 1439 1444 1438
1440 1434 1438 1441
1440 1437 1431 1443
1441 1446 1453 1454
1441 1455 1454 1455
1442 1445 1450 1455
1442 1451 1446 1445
1442 1452 1444 1449
1442 1454 1450 1451
1442 1455 1446 1449
1443 1443 1443 1454
1443 1443 1451 1455
1443 1450 1454 1451
1444 1445 1454 1454
1444 1453 1449 1449
1445 1446 1444 1446
1446 1443 1455 1450
1448 1444 1448 1453
1451 1452 1459 1460
1451 1452 1461 1458
1451 1454 1452 1457
1451 1457 1453 1458
1453 1452 1451 1462
1453 1461 1462 1459
1454 1454 1463 1460
1454 1458 1463 1462
1455 1451 1458 1463
1456 1461 1460 1461
1458 1460 1451 1465
1460 1457 1454 1465
1460 1464 1464 1465
1461 1468 1464 1470
1461 1471 1469 1464
1461 1472 1462 1471
1462 1453 1456 1463
1463 1462 1463 1463
1463 1468 1466 1465
1464 1467 1468 1474
1464 1472 1468 1473
1464 1475 1461 1475
1466 1463 1472 1469
1468 1465 1475 1475
1468 1467 1471 1474
1468 1474 1465 1469
1469 1475 1474 1470
1470 1467 1468 1471
1470 1468 1464 1473
1470 1472 1475 1475
1471 1481 1471 1475
1472 1476 1481 1476
1472 1478 1471 1475
1473 1480 1483 1484
1474 1477 1484 1478
1475 1474 1474 1483
1475 1483 1472 1484
1477 1472 1478 1485
1480 1474 1480 1480
1480 1474 1481 1480
1480 1477 1479 1482
1481 1475 1485 1481
1481 1482 1485 1485
1482 1478 1480 1484
1482 1479 1475 1483
1482 1487 1490 1482
1483 1484 1481 1492
1483 1492 1483 1490
1484 1487 1494 1487
1484 1493 1488 1488
1485 1493 1486 1492
1486 1495 1484 1492
1488 1485 1485 1490
1488 1488 1494 1493
1489 1481 1493 1489
1489 1482 1491 1493
1489 1483 1482 1494
1489 1487 1485 1493
1491 1484 1485 1493
1491 1495 1492 1494
1491 1495 1504 1496
1491 1500 1492 1497
1492 1498 1500 1495
1493 1493 1499 1501
1493 1493 1503 1505
1493 1500 1504 1504
1494 1497 1503 1504
1495 1491 1496 1500
1495 1502 1505 1504
1496 1491 1502 1501
1496 1504 1505 1500
1499 1503 1495 1501
1500 1492 1494 1500
1500 1496 1494 1504
1500 1499 1502 1503
