1 1 11 14
1 1 15 1
1 7 12 14
1 13 2 11
3 9 12 9
5 8 15 8
7 3 6 7
7 3 6 12
7 4 5 8
7 8 10 11
7 9 13 13
11 3 13 13
11 11 24 19
11 20 25 12
12 6 15 15
12 7 11 12
12 7 13 13
12 15 19 19
12 18 12 14
13 12 13 23
14 19 25 16
14 20 25 15
14 23 24 22
14 25 23 23
15 25 11 21
16 16 23 18
17 16 18 18
19 17 24 21
19 23 17 24
20 19 17 22
21 22 21 32
21 24 35 31
22 23 32 32
22 30 35 26
23 25 30 35
24 25 29 32
25 21 23 28
25 32 28 26
25 33 34 28
26 21 32 33
27 34 33 32
29 33 27 35
30 26 35 31
30 27 30 30
30 33 23 33
31 35 37 32
32 34 39 42
33 41 37 39
33 42 42 41
33 44 43 37
34 43 45 41
35 32 37 36
35 38 41 35
35 41 34 38
37 37 38 38
39 34 43 45
39 40 45 45
40 44 34 44
42 45 50 52
43 38 37 44
43 42 54 43
44 35 40 44
44 41 47 46
44 46 51 44
45 52 50 47
46 44 50 53
46 47 42 54
46 54 49 48
47 50 53 48
47 55 55 50
49 53 45 51
49 53 50 55
51 46 45 52
51 63 55 62
52 48 50 52
52 53 55 53
52 56 60 56
52 62 64 61
53 53 54 63
53 54 63 56
54 49 54 55
54 51 64 63
54 53 63 58
55 62 56 58
55 64 58 60
56 52 51 61
56 56 62 59
59 65 60 62
60 64 55 62
61 53 53 62
61 65 65 74
62 61 67 71
62 62 61 75
62 63 63 63
62 68 72 73
62 73 66 74
63 62 69 72
63 69 73 64
64 66 64 75
65 66 72 70
66 65 64 68
66 75 75 74
67 72 74 68
70 66 71 75
70 67 74 74
71 76 81 77
71 80 84 75
72 74 75 81
72 80 80 77
73 80 81 79
74 75 78 76
74 76 73 79
74 81 77 77
75 72 81 75
75 75 85 82
77 85 81 78
78 75 73 84
78 85 83 80
79 80 79 80
81 72 74 83
81 82 86 94
81 87 87 83
81 89 91 94
81 94 92 92
81 95 84 82
82 92 93 86
82 94 85 89
83 85 85 86
84 92 83 92
84 92 89 95
85 82 87 85
85 82 89 86
85 89 90 88
86 86 90 89
91 83 83 95
91 92 102 99
91 96 104 98
91 100 97 92
91 100 104 93
92 93 98 104
92 97 100 96
93 92 104 96
93 95 91 97
93 99 105 104
94 91 102 102
94 98 96 97
97 97 99 97
98 92 101 100
99 103 91 101
101 92 95 101
101 113 113 106
101 115 112 104
102 101 108 109
103 110 102 106
103 114 108 104
103 114 109 107
104 105 101 115
105 110 101 112
106 103 107 109
106 113 105 108
107 104 114 111
108 107 103 110
109 107 101 114
112 101 104 115
113 105 107 113
113 116 123 119
113 123 119 116
113 124 121 115
114 119 119 124
115 119 123 123
116 121 124 124
117 111 114 124
117 113 112 123
117 114 120 119
118 125 122 123
119 113 115 119
119 115 112 122
120 117 113 123
120 119 118 122
121 113 123 121
121 121 126 125
121 123 123 133
121 130 129 130
122 131 122 127
123 124 128 127
125 124 132 129
125 133 135 128
126 125 124 133
128 129 129 131
130 128 122 133
130 135 125 135
131 131 140 141
131 132 134 133
131 133 124 134
131 134 132 145
131 136 143 141
131 136 145 136
132 123 123 132
132 127 130 132
132 141 145 139
134 136 131 144
134 138 145 143
135 132 140 140
137 135 136 145
137 135 144 140
137 135 145 144
137 137 141 145
139 132 138 145
140 135 135 143
141 137 140 141
141 142 153 155
141 146 151 143
141 147 148 145
141 150 150 155
141 153 155 147
142 143 142 153
144 153 146 154
144 154 153 152
145 146 142 151
145 148 152 155
147 145 142 151
149 153 144 154
149 154 152 154
151 151 157 160
151 151 157 163
151 156 160 157
152 152 153 159
152 155 142 155
152 160 159 161
153 155 154 165
154 142 143 155
155 151 162 156
155 163 159 161
156 154 162 156
156 164 165 157
160 152 157 164
160 155 165 163
161 158 154 163
161 162 167 167
161 164 170 161
161 165 173 169
161 168 163 163
161 169 164 170
161 171 166 163
162 154 162 163
162 157 163 163
162 165 163 172
163 161 174 168
163 168 166 170
164 167 167 173
165 173 169 168
166 174 168 174
168 164 165 171
170 163 167 174
171 173 182 172
171 179 177 181
171 180 185 183
171 182 176 172
173 166 167 173
174 179 183 183
175 177 184 184
176 176 178 183
176 177 178 181
178 178 177 182
178 184 177 185
179 185 185 183
181 181 188 185
181 182 179 182
181 183 181 184
181 187 193 183
181 194 194 194
181 195 192 186
182 178 178 183
184 183 184 184
184 185 187 184
185 181 182 187
185 181 195 192
185 188 193 192
185 190 187 189
188 185 192 195
188 187 184 192
188 188 195 189
189 191 191 195
190 192 181 193
192 197 192 196
192 198 204 203
192 200 196 196
192 200 199 202
192 201 197 197
193 199 200 202
194 185 189 194
194 191 202 200
194 193 196 196
194 202 204 204
195 201 204 205
195 203 195 203
196 195 201 199
196 198 202 196
200 192 195 202
201 201 203 208
201 202 199 205
202 201 215 206
202 203 201 214
202 204 204 212
205 201 212 215
205 205 202 210
206 201 203 209
206 202 204 209
207 207 209 211
207 210 215 212
208 202 213 208
208 206 211 215
208 214 210 212
211 212 217 216
211 215 212 219
211 218 213 224
211 218 218 217
211 225 220 216
212 211 221 224
212 214 212 214
214 213 214 215
214 216 217 220
214 220 213 217
214 225 220 216
217 220 213 221
218 219 224 221
219 214 218 219
219 223 217 223
221 226 225 223
221 232 230 228
221 233 235 221
222 222 233 233
222 223 234 226
223 217 223 225
224 224 227 235
225 217 221 225
225 222 229 234
225 225 233 228
225 233 221 227
225 235 222 227
226 221 227 227
228 230 235 234
228 231 235 233
228 233 235 228
230 230 234 234
231 233 241 239
231 235 237 232
231 245 234 235
232 231 239 239
232 240 235 245
232 243 234 245
236 243 234 242
238 244 244 244
239 231 233 245
239 240 234 244
240 245 244 241
241 235 239 243
241 237 240 245
241 240 243 243
241 241 245 241
241 246 243 254
242 255 244 247
243 243 247 244
243 254 243 253
244 251 245 246
244 254 244 254
245 254 252 249
245 254 255 255
246 247 249 248
247 242 241 249
247 244 255 250
249 248 244 253
250 252 250 255
251 241 246 251
251 254 262 255
252 248 250 253
252 254 262 252
253 262 257 255
253 262 259 259
254 259 252 264
255 251 260 255
256 252 259 259
257 260 251 263
257 262 259 261
257 263 257 258
257 265 251 261
258 255 263 259
260 263 265 263
261 262 264 270
261 265 271 264
261 275 270 263
262 262 261 267
262 262 270 266
263 257 264 264
263 261 270 271
263 265 257 264
263 269 262 266
264 262 263 268
264 268 270 273
264 270 275 270
265 269 267 275
266 261 261 272
269 266 266 274
269 267 261 270
272 274 283 273
273 272 285 285
273 274 279 282
273 277 285 284
274 275 285 278
275 279 277 279
276 274 272 279
276 274 283 281
277 275 284 277
277 279 279 282
278 274 276 284
278 282 285 283
279 283 284 284
281 290 281 283
282 271 285 285
282 283 271 285
283 285 289 287
283 295 282 287
283 295 289 288
284 285 284 293
285 284 292 293
286 290 294 287
287 283 284 287
287 285 284 289
288 285 295 292
288 286 288 293
289 292 291 291
289 293 293 293
290 287 287 293
291 293 302 299
291 303 299 304
291 305 305 299
292 293 305 304
293 296 300 299
293 304 294 297
294 290 288 295
294 298 301 295
294 301 298 304
295 292 302 304
295 293 299 300
299 298 300 301
300 293 291 304
300 300 297 304
301 293 291 303
301 310 305 309
301 315 306 304
302 302 304 314
303 309 313 310
304 306 312 312
304 309 307 306
304 313 303 310
305 298 301 305
305 314 312 314
306 308 309 306
308 314 302 314
309 313 305 312
310 315 304 315
311 312 318 314
311 317 315 314
311 318 320 311
311 320 320 319
311 323 323 323
311 324 318 312
312 319 313 322
313 307 313 313
313 315 302 315
313 315 312 322
313 316 312 320
313 325 322 325
314 318 323 322
315 302 313 315
316 318 317 322
317 323 314 323
319 321 317 322
321 314 311 322
321 329 323 333
322 321 328 332
322 327 328 333
323 322 330 328
323 326 331 325
324 324 326 328
324 332 335 325
325 323 323 331
325 325 328 331
327 322 324 327
327 326 322 328
327 326 322 329
327 330 322 330
328 325 323 333
331 334 337 339
331 335 322 333
331 336 333 341
331 343 345 337
331 344 337 340
332 332 334 333
332 332 335 337
333 339 332 335
335 332 333 338
336 335 333 342
336 338 333 339
337 345 343 339
339 343 334 344
341 345 343 344
341 350 344 344
341 352 344 350
342 332 332 343
342 353 349 345
343 342 343 344
343 348 347 344
344 334 340 345
345 342 349 355
346 341 355 353
347 342 352 349
347 355 343 351
348 345 349 352
348 349 352 348
348 350 354 351
349 351 352 351
350 353 344 355
351 363 355 365
352 357 365 359
353 358 365 359
353 364 353 361
353 364 355 358
354 346 355 354
354 351 359 354
355 359 355 359
355 359 359 361
356 351 360 363
356 352 360 363
357 357 362 358
358 353 353 363
359 352 364 361
359 355 363 361
359 359 362 363
361 364 372 367
361 365 370 368
362 362 364 372
362 365 366 371
362 366 361 368
363 365 370 369
364 368 371 370
366 361 369 373
366 363 371 367
367 365 366 368
368 362 374 374
370 373 375 375
371 372 372 381
371 374 376 384
372 368 375 375
372 369 364 374
372 374 364 375
372 375 380 373
373 371 379 383
374 373 382 376
374 381 378 380
376 376 379 378
377 372 382 384
378 372 373 385
379 374 382 384
379 378 385 380
380 382 381 385
381 378 377 383
381 384 382 385
381 384 385 382
382 384 385 392
383 381 383 387
384 387 392 394
385 382 381 389
385 383 395 395
385 390 391 395
385 390 393 392
385 391 385 387
386 389 389 387
386 390 388 395
386 394 393 391
389 383 391 394
390 391 381 391
391 390 391 393
391 399 400 399
391 404 405 404
392 392 402 394
392 392 403 405
392 405 402 405
393 387 381 395
393 396 398 403
393 401 392 397
394 392 393 405
394 395 393 398
398 398 396 400
398 405 404 403
399 393 394 401
399 394 391 401
399 394 404 399
401 398 398 402
401 401 405 402
401 413 401 412
402 407 405 414
403 411 406 409
404 406 404 406
404 408 411 410
404 409 402 415
405 403 405 408
405 407 414 409
407 409 412 414
408 404 402 412
408 414 409 409
410 405 407 414
410 407 404 414
411 411 420 411
411 422 411 418
411 422 415 419
412 424 420 413
412 425 414 415
413 417 416 416
413 419 423 424
414 413 408 415
415 418 421 425
416 422 413 418
417 423 413 425
418 423 417 419
419 413 413 420
421 420 417 423
422 424 414 424
423 412 413 425
423 422 435 424
423 424 429 425
424 432 430 427
425 426 432 428
425 431 429 432
425 434 427 428
426 423 433 431
427 424 427 433
428 421 428 431
428 435 426 434
430 422 431 435
430 435 433 432
431 422 430 432
431 427 422 435
431 436 436 431
431 440 443 436
431 443 443 432
433 434 437 440
433 437 432 435
434 430 421 435
434 432 433 443
434 439 443 441
434 441 439 443
435 439 431 438
436 438 444 436
436 445 442 443
437 436 444 442
438 434 436 438
442 441 448 453
442 447 450 443
442 451 441 448
443 449 450 451
443 450 447 446
444 433 433 445
444 444 440 445
445 445 447 449
445 452 444 453
447 452 450 450
449 453 441 455
450 445 453 452
450 455 441 454
451 448 448 452
451 449 451 452
451 456 459 457
451 463 453 454
451 463 464 457
452 454 463 465
452 455 461 454
452 462 456 460
453 441 450 455
453 451 450 454
454 464 464 461
457 459 457 465
457 465 454 459
458 451 460 459
458 460 459 459
459 452 460 462
459 464 463 463
461 466 473 469
461 469 474 469
461 472 472 461
461 473 465 468
462 453 456 464
462 461 466 470
463 461 456 465
464 462 475 467
464 469 462 468
464 471 462 468
466 465 473 473
467 465 468 468
469 465 471 471
470 470 466 474
471 472 474 475
471 481 474 482
471 482 485 472
471 483 485 473
472 471 471 474
472 474 464 475
472 474 469 473
473 471 472 481
474 476 484 481
474 484 481 475
474 484 485 477
475 479 483 485
475 480 481 476
476 474 471 485
476 483 480 484
479 479 481 484
480 471 472 481
481 492 481 484
482 480 481 484
482 487 481 488
483 486 484 487
483 487 483 491
483 491 485 484
484 492 494 485
486 482 493 491
486 492 494 486
487 485 484 494
487 489 491 488
487 490 491 487
488 494 494 493
488 495 485 492
489 489 488 495
491 484 489 495
491 496 494 498
493 491 505 505
493 502 494 494
494 499 497 502
495 500 503 499
495 501 499 504
496 493 492 499
496 504 502 499
497 492 492 498
498 504 502 505
499 492 498 502
499 494 491 500
499 494 498 503
500 493 493 501
501 507 504 513
502 501 502 509
502 503 504 513
502 505 504 505
502 512 501 509
502 512 512 515
502 513 501 504
503 512 514 511
503 514 506 513
503 514 506 515
504 507 511 504
504 509 510 515
504 515 509 508
507 505 513 514
511 502 510 511
511 518 521 522
511 522 519 516
511 525 518 521
512 514 514 519
512 522 513 520
512 523 515 520
513 524 518 516
513 524 519 517
514 501 514 515
515 518 512 524
515 521 516 525
515 521 520 520
516 511 519 519
519 512 511 522
520 519 523 520
520 522 520 522
521 523 526 521
522 526 526 529
522 529 531 529
522 535 523 527
524 525 529 533
524 530 529 534
524 534 523 531
524 535 531 531
525 532 533 532
526 521 531 532
527 521 527 528
528 524 530 534
528 528 531 531
529 526 525 533
531 538 535 533
531 539 539 544
531 543 537 545
532 541 543 544
532 542 534 533
532 543 531 538
532 545 533 541
533 521 523 534
533 544 531 544
533 544 543 536
535 531 538 541
537 533 541 542
538 531 536 541
539 534 543 541
540 531 533 540
541 548 553 544
541 550 544 547
541 551 554 541
542 534 545 542
542 552 543 544
544 547 552 552
544 548 543 549
545 548 551 546
545 549 542 547
546 550 555 554
546 552 541 548
547 546 546 555
547 547 553 549
547 552 555 549
548 543 546 554
551 563 561 564
553 551 554 562
553 554 563 557
553 559 554 565
554 553 545 555
554 553 555 565
554 561 564 564
555 555 561 556
555 558 553 558
557 554 556 562
558 558 561 562
559 551 564 561
560 553 552 565
560 555 559 564
561 562 574 571
561 563 569 574
561 564 551 562
561 565 564 571
561 573 575 563
562 563 555 563
562 575 568 571
563 567 563 572
563 570 570 570
563 573 565 574
564 568 569 574
565 564 564 571
566 572 565 572
569 569 563 573
570 575 570 574
571 571 576 577
571 573 583 585
572 574 580 584
572 582 578 577
573 565 563 574
573 569 575 573
573 578 580 585
573 582 574 584
574 577 581 580
574 578 582 578
575 582 585 584
576 575 581 585
576 576 582 582
576 580 582 583
577 581 572 578
579 585 575 580
581 573 583 584
581 586 584 594
581 595 587 594
582 586 584 586
582 590 585 584
582 592 586 584
583 591 595 585
583 595 586 593
586 589 593 594
586 591 583 590
587 595 585 594
588 585 589 595
589 592 593 594
590 583 592 592
590 587 581 591
590 595 595 592
591 595 600 595
591 595 602 591
591 597 605 602
592 595 594 593
592 600 595 602
593 592 599 604
594 593 594 605
594 599 605 596
595 592 599 599
596 595 602 605
597 600 595 598
598 597 592 605
599 593 596 603
599 599 596 602
601 606 604 604
602 612 613 602
603 600 603 603
604 602 606 609
604 603 606 605
606 604 611 607
606 612 603 610
606 612 607 609
607 601 607 615
607 612 602 611
609 601 614 614
610 612 606 612
611 604 608 613
611 610 605 612
611 611 612 616
611 612 603 614
611 618 618 623
612 609 614 612
613 616 621 620
613 625 615 620
614 623 617 622
615 613 623 623
615 619 620 623
617 614 616 618
617 617 614 622
618 611 617 624
618 613 613 621
618 618 624 623
618 622 611 624
619 615 614 625
619 624 613 622
621 625 634 625
621 628 623 630
622 633 627 632
622 634 634 623
623 622 622 631
623 626 630 627
624 633 626 633
625 622 628 625
625 630 621 629
626 621 631 635
626 629 625 627
627 625 632 634
628 625 630 629
628 629 623 633
631 644 635 632
632 632 632 639
632 633 631 643
632 638 644 645
633 642 642 645
634 629 631 634
634 636 633 641
635 632 642 638
637 642 638 640
638 640 644 643
639 636 634 645
640 631 643 644
640 643 643 644
642 641 650 646
642 642 653 647
643 637 635 644
643 641 648 647
643 641 648 649
643 648 652 643
643 650 642 651
644 639 639 645
644 642 644 644
646 644 654 653
647 652 645 653
648 649 652 649
648 654 655 648
649 643 648 649
649 647 643 654
650 651 652 652
651 649 647 653
651 653 656 665
652 645 649 654
652 661 653 659
654 654 659 664
654 665 653 665
655 651 655 663
655 655 662 662
655 663 663 663
655 665 659 656
656 652 654 658
656 652 660 665
656 664 653 665
657 654 657 661
657 656 662 660
661 653 651 662
661 668 675 665
661 669 670 661
662 653 661 664
664 661 667 664
664 665 668 667
666 662 669 671
666 662 671 668
666 666 669 674
667 663 665 670
669 662 666 674
669 668 672 670
669 669 675 674
670 665 671 673
670 667 671 672
671 672 674 675
671 681 674 681
671 684 685 680
672 672 675 681
672 677 685 684
672 680 676 682
672 680 677 678
674 666 673 675
674 684 678 677
675 685 679 683
676 676 682 677
677 671 678 685
677 684 671 684
678 672 671 684
679 677 672 680
679 681 681 680
680 682 682 681
681 681 693 691
681 684 689 681
681 689 695 688
681 692 692 688
682 684 684 686
682 694 695 695
683 685 686 691
684 684 689 689
684 690 695 694
685 682 691 692
685 694 691 690
686 695 688 694
688 690 684 689
690 690 689 694
691 695 703 703
691 697 695 704
693 687 684 695
693 703 703 699
693 703 705 694
693 705 697 697
694 704 701 699
696 699 699 705
696 704 699 703
697 700 696 700
697 701 704 697
698 699 699 702
699 703 696 701
700 705 695 704
701 692 704 703
701 702 714 709
701 708 708 704
701 711 708 712
702 694 705 703
702 703 709 711
702 708 709 706
703 702 704 711
703 715 713 704
704 704 709 705
705 707 713 715
706 702 712 709
706 707 708 707
707 706 706 712
711 710 706 714
712 701 710 714
712 712 716 714
712 713 725 719
712 717 716 720
712 721 714 723
713 711 707 715
713 724 713 724
713 724 718 718
714 719 721 721
718 711 725 721
718 724 711 721
719 711 715 722
719 713 724 725
719 718 720 723
719 719 716 724
720 714 719 725
721 722 721 726
721 735 735 731
722 723 725 725
722 729 721 725
722 730 722 724
722 733 724 725
723 726 724 730
723 727 729 724
724 729 728 728
726 730 722 733
726 734 725 735
727 723 724 731
727 730 733 731
728 722 731 730
729 731 723 734
730 726 722 734
731 735 731 742
731 744 736 743
732 733 743 732
732 735 737 734
732 743 732 739
733 732 740 738
734 733 736 736
734 742 738 737
734 744 733 737
734 745 738 738
735 732 739 740
735 739 740 744
737 744 738 742
738 735 744 744
738 743 736 745
741 748 749 754
741 753 755 755
741 755 747 747
742 744 744 747
743 749 742 744
743 750 744 753
743 752 741 744
744 741 741 753
744 754 753 754
745 751 744 753
745 754 743 754
746 741 744 749
750 755 743 752
751 756 759 758
751 763 751 752
752 762 758 754
752 764 752 758
754 749 745 755
754 752 751 765
754 755 754 755
754 755 758 764
755 759 763 757
756 757 754 759
756 757 763 757
756 764 762 762
757 751 759 760
757 758 760 763
757 759 763 762
757 759 764 759
761 764 770 761
761 768 766 765
761 768 772 766
761 773 775 763
762 764 775 770
762 769 771 775
763 760 756 765
765 763 767 770
765 770 771 769
766 767 772 768
767 766 762 775
767 770 770 771
769 762 761 772
770 761 767 775
771 761 774 773
772 780 777 779
772 785 772 778
772 785 774 785
773 763 767 773
773 775 772 777
773 777 779 782
774 771 784 780
774 778 784 779
774 781 783 775
775 782 774 776
776 773 776 784
776 784 783 778
778 783 781 782
780 776 784 785
780 782 777 785
781 773 773 783
781 786 786 792
781 795 781 785
782 782 791 783
782 783 791 784
782 785 787 789
782 787 790 783
783 781 786 789
785 789 786 791
786 783 787 794
786 791 791 794
788 784 792 791
789 785 794 791
789 788 793 795
790 786 786 793
791 793 795 791
791 793 801 795
791 794 791 802
791 797 792 803
792 801 798 793
792 802 791 795
793 791 793 796
794 792 801 804
794 793 805 803
795 800 804 802
796 797 798 797
796 800 799 804
796 800 803 800
796 802 792 797
798 801 801 805
801 805 802 803
802 805 796 803
802 811 813 813
802 812 801 811
803 806 803 810
804 801 813 815
804 805 810 810
804 806 805 814
805 809 815 808
806 805 807 807
807 809 804 814
807 810 803 815
807 810 806 812
808 814 814 809
811 802 814 814
811 811 811 812
811 819 821 820
811 819 821 825
811 820 825 820
811 823 813 816
812 803 811 812
812 812 811 813
812 813 825 823
813 821 824 816
814 813 823 825
814 814 820 818
814 815 818 823
816 811 820 816
816 815 823 816
817 816 811 822
821 828 833 829
821 834 831 824
821 835 831 833
822 819 823 824
823 822 829 832
824 823 833 828
824 832 829 832
826 822 822 826
827 829 833 834
827 833 835 834
828 823 825 831
828 834 834 829
829 827 831 831
831 829 821 835
831 835 838 839
832 832 840 839
832 835 823 834
832 835 844 843
832 839 843 836
833 821 831 834
833 831 837 838
833 842 837 842
834 831 836 839
836 838 845 842
837 844 837 845
838 842 841 840
839 835 836 839
839 842 837 842
840 839 845 845
840 841 841 845
841 846 849 845
841 851 845 854
843 839 842 843
843 845 842 847
843 850 846 846
843 853 842 845
844 850 855 847
845 845 844 847
845 845 847 850
845 847 849 850
845 851 847 852
848 847 853 855
850 849 844 851
851 841 851 852
851 847 841 854
851 853 862 861
851 857 853 853
851 859 861 857
851 862 863 861
852 852 849 853
853 853 864 854
853 856 856 862
854 856 858 854
854 858 859 856
856 854 865 861
857 853 861 859
857 863 852 860
858 859 861 861
860 863 863 865
861 866 872 862
862 856 854 864
862 857 855 864
862 864 874 871
863 863 875 869
864 861 870 865
866 868 870 873
866 873 866 872
867 862 864 867
867 864 861 869
868 861 870 875
868 866 866 869
869 864 867 869
870 861 871 873
871 873 879 871
871 879 881 885
871 879 884 884
872 861 866 872
872 877 878 880
873 871 884 873
873 882 877 875
874 861 869 875
874 863 874 874
874 879 872 882
874 880 877 882
875 885 880 883
876 879 885 878
876 883 884 876
877 874 872 880
878 880 872 879
878 880 878 885
881 882 891 887
881 883 891 883
881 885 872 882
881 889 885 889
881 893 885 890
882 881 893 892
882 887 886 888
883 884 881 887
883 889 893 884
883 895 882 885
884 891 889 888
887 881 893 890
887 894 881 890
888 886 894 895
891 882 893 893
892 884 881 893
892 892 892 901
892 898 891 893
893 904 901 902
893 905 892 903
894 891 896 899
894 893 892 902
894 895 900 894
897 899 900 905
898 898 894 902
899 894 898 899
899 904 902 904
900 896 895 902
900 897 901 900
900 905 904 901
901 892 899 905
901 903 904 906
901 905 915 902
902 907 912 915
902 910 911 913
903 912 910 911
905 905 907 910
906 903 911 912
906 906 915 914
906 912 914 913
907 902 915 909
907 911 902 909
909 906 904 912
910 909 902 914
910 909 909 911
911 912 911 912
911 914 918 917
911 915 923 919
912 916 920 919
912 925 911 925
913 914 923 920
914 920 918 925
915 922 922 923
916 911 915 925
916 911 920 921
916 916 919 916
916 917 925 919
918 924 912 925
919 924 913 924
919 925 916 921
920 915 912 921
921 923 930 928
922 921 928 928
922 922 926 924
922 923 922 925
922 924 934 930
923 926 929 925
923 932 928 931
923 934 934 927
924 928 926 925
924 930 924 926
925 930 933 929
926 929 927 932
928 932 923 931
929 930 930 932
931 939 933 944
932 933 938 942
932 937 931 935
932 938 932 941
933 933 934 933
933 934 939 935
933 941 938 934
933 944 938 942
934 927 927 934
934 931 943 941
935 932 945 936
937 939 933 941
938 939 941 944
939 931 934 945
939 932 936 942
941 945 943 944
941 946 944 950
941 948 945 943
941 948 947 949
941 949 942 945
942 942 952 948
943 947 945 950
943 955 944 951
945 942 950 953
945 950 949 946
945 955 955 945
947 948 945 951
948 949 953 950
949 943 942 951
952 947 948 955
952 951 952 953
952 951 953 963
952 958 965 962
953 951 961 961
953 952 954 962
953 955 962 961
954 959 952 959
955 951 954 957
955 960 953 958
956 955 964 958
956 958 963 964
956 962 951 965
957 952 964 957
959 960 965 961
960 951 964 961
961 973 967 972
962 963 962 973
962 965 966 963
962 967 967 967
962 973 968 967
963 953 959 964
963 971 975 967
964 966 965 970
964 969 973 971
964 972 974 964
964 974 971 973
965 961 963 973
966 964 964 971
967 968 969 970
968 962 967 968
968 970 963 972
971 973 983 985
971 985 981 982
973 977 984 978
973 980 985 979
973 985 974 977
974 973 976 985
974 979 973 980
974 985 973 978
976 971 974 983
976 974 978 980
977 981 980 983
977 983 985 977
978 981 974 984
980 976 985 981
981 984 989 986
981 989 991 985
982 974 975 984
982 982 986 983
983 981 989 986
984 991 995 992
985 984 984 988
985 985 987 992
985 994 994 990
986 989 994 992
987 988 981 988
988 992 985 992
988 992 985 994
988 993 986 995
990 987 994 993
991 985 981 992
991 991 998 996
991 991 999 1004
991 999 1000 1000
991 1002 999 993
992 1001 1000 994
993 1005 991 995
994 992 1000 1002
994 1004 995 1000
995 993 999 998
995 994 1001 997
997 994 991 1003
998 1000 998 999
999 992 1000 999
1003 997 1003 1003
1004 997 1002 1005
